[00:12:36.015] SERVER -> CLIENT
XT PACKET
  fields:
    type: xt
    command: cra
    request_id: 1
    status: 0
    payload: {"AAM":{"M":{"MID":24120355,"PT":1,"TT":355,"D":0,"TID":-220,"T":0,"HBW":1007,"KID":1,"TA":[2,590,632,-1,112,-1940,1],"SID":16862926,"OID":16862926,"SA":[12,593,613,16366514,16862926,5,5,3,4,1,"Castle Ventrilo",0,0,-1,-1,-1,1,0,[],0]},"UM":{"PWD":0,"TWD":0,"L":{"ID":10,"WID":2,"VIS":7,"N":"","GID":122,"L":9,"ST":0,"W":2079,"D":17,"SPR":242,"EQ":[[6540429397,1,2,5,-1,[[4,52,[114.6]],[5,56,[74.8]],[115,66,[31.4]],[116,82,[80.6]]],-1,-1,0,-1,-1,3,[1,6,3560,[]]],[6540429463,2,2,5,-1,[[1,70,[85.5]],[2,78,[85.9]],[111,79,[31.7]],[118,75,[11.5]]],-1,-1,0,-1,-1,3,[2,7,4020,[]]],[6543665992,3,2,5,-1,[[3,98,[116.9]],[6,70,[75.5]],[109,73,[37.2]],[111,85,[33.5]]],-1,-1,0,-1,-1,3,[3,7,4260,[]]],[6541856164,4,2,5,-1,[[7,100,[17.0]],[108,100,[48.0]],[111,100,[38.0]],[121,100,[215,1000.0]]],-1,-1,0,-1,-1,3,[4,7,5000,[]]],[6541850270,6,2,15,-1,[[509,47,[25.4]],[510,70,[33.9]],[507,40,[28.6]],[511,66,[24.8]],[20013,57,[9,27.0,58,27.0,714,27.0,10,27.0,59,27.0,715,27.0]],[20018,100,[1.0]]],-1,-1,0,-1,-1,3,[62,6,3230,[]]]],"GASAIDS":[],"SIDS":[],"AE":[[111,[40.0],"AB"],[504,[45.0],"CI"],[614,[30.0],"CI"],[66,[45.0],"CI"],[614,[6.0],"CI"],[614,[7.0],"CI"],[66,[2.0],"CI"],[426,[10.0],"GE"],[53,[20.0],"TL"],[45,[100.0],"TL"],[43,[5.0],"TL"],[43,[5.0],"TL"],[43,[5.0],"TL"],[82,[10.0],"RH"],[54,[80.0],"RH"],[82,[12.0],"DE"],[82,[12.0],"DE"],[82,[12.0],"DE"],[82,[12.0],"DE"],[82,[12.0],"DE"],[82,[12.0],"DE"],[82,[12.0],"DE"],[82,[12.0],"DE"],[82,[12.0],"DE"],[82,[12.0],"DE"],[82,[12.0],"DE"],[82,[12.0],"DE"],[82,[12.0],"DE"],[82,[12.0],"DE"],[82,[12.0],"DE"],[411,[5.0],"DE"],[412,[5.0],"DE"],[410,[5.0],"DE"],[61,[5.0],"DE"],[62,[5.0],"DE"],[61,[5.0],"DE"],[62,[5.0],"DE"],[82,[12.0],"DE"]]}},"FA":{"L":[[607,50]],"M":[],"R":[],"RW":[]},"AST":[],"ATT":0,"ASCT":0,"FC":0},"O":[{},{"OID":16862926,"DUM":false,"N":"Ventrilo","E":{"BGT":0,"BGC1":1644825,"BGC2":1644825,"SPT":1,"S1":42,"SC1":14408394,"S2":42,"SC2":14408394,"IS":1},"L":70,"LL":671,"H":930,"AVP":51625,"CF":101752152,"HF":147045694,"PRE":13,"SUF":29,"TOPX":-1,"MP":12726958,"R":0,"AID":30336,"AR":7,"AN":"Wolverines","aee":{"ACCA":{"ACLI":7,"ACCS":[17,4]},"ACFB":{}},"RPT":0,"AP":[[0,16011862,509,405,1],[0,16632819,505,407,4],[0,16673031,509,407,4],[1,16366514,593,613,12],[2,16366513,654,696,12],[3,16681051,688,582,12],[4,3659,685,735,12]],"VP":[[1,409558,622,672,10],[1,610980,622,596,10],[1,610985,612,588,10],[1,713871,585,658,10],[1,725272,624,582,10],[1,2548320,501,589,10],[1,2548324,494,596,10],[1,2840852,486,575,10]],"SA":0,"VF":0,"PF":0,"RRD":0,"TI":-1}]}

  json_payload:
{
  "AAM": {
    "ASCT": 0,
    "AST": [],
    "ATT": 0,
    "FA": {
      "L": [
        [
          607,
          50
        ]
      ],
      "M": [],
      "R": [],
      "RW": []
    },
    "FC": 0,
    "M": {
      "D": 0,
      "HBW": 1007,
      "KID": 1,
      "MID": 24120355,
      "OID": 16862926,
      "PT": 1,
      "SA": [
        12,
        593,
        613,
        16366514,
        16862926,
        5,
        5,
        3,
        4,
        1,
        "Castle Ventrilo",
        0,
        0,
        -1,
        -1,
        -1,
        1,
        0,
        [],
        0
      ],
      "SID": 16862926,
      "T": 0,
      "TA": [
        2,
        590,
        632,
        -1,
        112,
        -1940,
        1
      ],
      "TID": -220,
      "TT": 355
    },
    "UM": {
      "L": {
        "AE": [
          [
            111,
            [
              40.0
            ],
            "AB"
          ],
          [
            504,
            [
              45.0
            ],
            "CI"
          ],
          [
            614,
            [
              30.0
            ],
            "CI"
          ],
          [
            66,
            [
              45.0
            ],
            "CI"
          ],
          [
            614,
            [
              6.0
            ],
            "CI"
          ],
          [
            614,
            [
              7.0
            ],
            "CI"
          ],
          [
            66,
            [
              2.0
            ],
            "CI"
          ],
          [
            426,
            [
              10.0
            ],
            "GE"
          ],
          [
            53,
            [
              20.0
            ],
            "TL"
          ],
          [
            45,
            [
              100.0
            ],
            "TL"
          ],
          [
            43,
            [
              5.0
            ],
            "TL"
          ],
          [
            43,
            [
              5.0
            ],
            "TL"
          ],
          [
            43,
            [
              5.0
            ],
            "TL"
          ],
          [
            82,
            [
              10.0
            ],
            "RH"
          ],
          [
            54,
            [
              80.0
            ],
            "RH"
          ],
          [
            82,
            [
              12.0
            ],
            "DE"
          ],
          [
            82,
            [
              12.0
            ],
            "DE"
          ],
          [
            82,
            [
              12.0
            ],
            "DE"
          ],
          [
            82,
            [
              12.0
            ],
            "DE"
          ],
          [
            82,
            [
              12.0
            ],
            "DE"
          ],
          [
            82,
            [
              12.0
            ],
            "DE"
          ],
          [
            82,
            [
              12.0
            ],
            "DE"
          ],
          [
            82,
            [
              12.0
            ],
            "DE"
          ],
          [
            82,
            [
              12.0
            ],
            "DE"
          ],
          [
            82,
            [
              12.0
            ],
            "DE"
          ],
          [
            82,
            [
              12.0
            ],
            "DE"
          ],
          [
            82,
            [
              12.0
            ],
            "DE"
          ],
          [
            82,
            [
              12.0
            ],
            "DE"
          ],
          [
            82,
            [
              12.0
            ],
            "DE"
          ],
          [
            82,
            [
              12.0
            ],
            "DE"
          ],
          [
            411,
            [
              5.0
            ],
            "DE"
          ],
          [
            412,
            [
              5.0
            ],
            "DE"
          ],
          [
            410,
            [
              5.0
            ],
            "DE"
          ],
          [
            61,
            [
              5.0
            ],
            "DE"
          ],
          [
            62,
            [
              5.0
            ],
            "DE"
          ],
          [
            61,
            [
              5.0
            ],
            "DE"
          ],
          [
            62,
            [
              5.0
            ],
            "DE"
          ],
          [
            82,
            [
              12.0
            ],
            "DE"
          ]
        ],
        "D": 17,
        "EQ": [
          [
            6540429397,
            1,
            2,
            5,
            -1,
            [
              [
                4,
                52,
                [
                  114.6
                ]
              ],
              [
                5,
                56,
                [
                  74.8
                ]
              ],
              [
                115,
                66,
                [
                  31.4
                ]
              ],
              [
                116,
                82,
                [
                  80.6
                ]
              ]
            ],
            -1,
            -1,
            0,
            -1,
            -1,
            3,
            [
              1,
              6,
              3560,
              []
            ]
          ],
          [
            6540429463,
            2,
            2,
            5,
            -1,
            [
              [
                1,
                70,
                [
                  85.5
                ]
              ],
              [
                2,
                78,
                [
                  85.9
                ]
              ],
              [
                111,
                79,
                [
                  31.7
                ]
              ],
              [
                118,
                75,
                [
                  11.5
                ]
              ]
            ],
            -1,
            -1,
            0,
            -1,
            -1,
            3,
            [
              2,
              7,
              4020,
              []
            ]
          ],
          [
            6543665992,
            3,
            2,
            5,
            -1,
            [
              [
                3,
                98,
                [
                  116.9
                ]
              ],
              [
                6,
                70,
                [
                  75.5
                ]
              ],
              [
                109,
                73,
                [
                  37.2
                ]
              ],
              [
                111,
                85,
                [
                  33.5
                ]
              ]
            ],
            -1,
            -1,
            0,
            -1,
            -1,
            3,
            [
              3,
              7,
              4260,
              []
            ]
          ],
          [
            6541856164,
            4,
            2,
            5,
            -1,
            [
              [
                7,
                100,
                [
                  17.0
                ]
              ],
              [
                108,
                100,
                [
                  48.0
                ]
              ],
              [
                111,
                100,
                [
                  38.0
                ]
              ],
              [
                121,
                100,
                [
                  215,
                  1000.0
                ]
              ]
            ],
            -1,
            -1,
            0,
            -1,
            -1,
            3,
            [
              4,
              7,
              5000,
              []
            ]
          ],
          [
            6541850270,
            6,
            2,
            15,
            -1,
            [
              [
                509,
                47,
                [
                  25.4
                ]
              ],
              [
                510,
                70,
                [
                  33.9
                ]
              ],
              [
                507,
                40,
                [
                  28.6
                ]
              ],
              [
                511,
                66,
                [
                  24.8
                ]
              ],
              [
                20013,
                57,
                [
                  9,
                  27.0,
                  58,
                  27.0,
                  714,
                  27.0,
                  10,
                  27.0,
                  59,
                  27.0,
                  715,
                  27.0
                ]
              ],
              [
                20018,
                100,
                [
                  1.0
                ]
              ]
            ],
            -1,
            -1,
            0,
            -1,
            -1,
            3,
            [
              62,
              6,
              3230,
              []
            ]
          ]
        ],
        "GASAIDS": [],
        "GID": 122,
        "ID": 10,
        "L": 9,
        "N": "",
        "SIDS": [],
        "SPR": 242,
        "ST": 0,
        "VIS": 7,
        "W": 2079,
        "WID": 2
      },
      "PWD": 0,
      "TWD": 0
    }
  },
  "O": [
    {},
    {
      "AID": 30336,
      "AN": "Wolverines",
      "AP": [
        [
          0,
          16011862,
          509,
          405,
          1
        ],
        [
          0,
          16632819,
          505,
          407,
          4
        ],
        [
          0,
          16673031,
          509,
          407,
          4
        ],
        [
          1,
          16366514,
          593,
          613,
          12
        ],
        [
          2,
          16366513,
          654,
          696,
          12
        ],
        [
          3,
          16681051,
          688,
          582,
          12
        ],
        [
          4,
          3659,
          685,
          735,
          12
        ]
      ],
      "AR": 7,
      "AVP": 51625,
      "CF": 101752152,
      "DUM": false,
      "E": {
        "BGC1": 1644825,
        "BGC2": 1644825,
        "BGT": 0,
        "IS": 1,
        "S1": 42,
        "S2": 42,
        "SC1": 14408394,
        "SC2": 14408394,
        "SPT": 1
      },
      "H": 930,
      "HF": 147045694,
      "L": 70,
      "LL": 671,
      "MP": 12726958,
      "N": "Ventrilo",
      "OID": 16862926,
      "PF": 0,
      "PRE": 13,
      "R": 0,
      "RPT": 0,
      "RRD": 0,
      "SA": 0,
      "SUF": 29,
      "TI": -1,
      "TOPX": -1,
      "VF": 0,
      "VP": [
        [
          1,
          409558,
          622,
          672,
          10
        ],
        [
          1,
          610980,
          622,
          596,
          10
        ],
        [
          1,
          610985,
          612,
          588,
          10
        ],
        [
          1,
          713871,
          585,
          658,
          10
        ],
        [
          1,
          725272,
          624,
          582,
          10
        ],
        [
          1,
          2548320,
          501,
          589,
          10
        ],
        [
          1,
          2548324,
          494,
          596,
          10
        ],
        [
          1,
          2840852,
          486,
          575,
          10
        ]
      ],
      "aee": {
        "ACCA": {
          "ACCS": [
            17,
            4
          ],
          "ACLI": 7
        },
        "ACFB": {}
      }
    }
  ]
}

  raw:
%xt%cra%1%0%{"AAM":{"M":{"MID":24120355,"PT":1,"TT":355,"D":0,"TID":-220,"T":0,"HBW":1007,"KID":1,"TA":[2,590,632,-1,112,-1940,1],"SID":16862926,"OID":16862926,"SA":[12,593,613,16366514,16862926,5,5,3,4,1,"Castle Ventrilo",0,0,-1,-1,-1,1,0,[],0]},"UM":{"PWD":0,"TWD":0,"L":{"ID":10,"WID":2,"VIS":7,"N":"","GID":122,"L":9,"ST":0,"W":2079,"D":17,"SPR":242,"EQ":[[6540429397,1,2,5,-1,[[4,52,[114.6]],[5,56,[74.8]],[115,66,[31.4]],[116,82,[80.6]]],-1,-1,0,-1,-1,3,[1,6,3560,[]]],[6540429463,2,2,5,-1,[[1,70,[85.5]],[2,78,[85.9]],[111,79,[31.7]],[118,75,[11.5]]],-1,-1,0,-1,-1,3,[2,7,4020,[]]],[6543665992,3,2,5,-1,[[3,98,[116.9]],[6,70,[75.5]],[109,73,[37.2]],[111,85,[33.5]]],-1,-1,0,-1,-1,3,[3,7,4260,[]]],[6541856164,4,2,5,-1,[[7,100,[17.0]],[108,100,[48.0]],[111,100,[38.0]],[121,100,[215,1000.0]]],-1,-1,0,-1,-1,3,[4,7,5000,[]]],[6541850270,6,2,15,-1,[[509,47,[25.4]],[510,70,[33.9]],[507,40,[28.6]],[511,66,[24.8]],[20013,57,[9,27.0,58,27.0,714,27.0,10,27.0,59,27.0,715,27.0]],[20018,100,[1.0]]],-1,-1,0,-1,-1,3,[62,6,3230,[]]]],"GASAIDS":[],"SIDS":[],"AE":[[111,[40.0],"AB"],[504,[45.0],"CI"],[614,[30.0],"CI"],[66,[45.0],"CI"],[614,[6.0],"CI"],[614,[7.0],"CI"],[66,[2.0],"CI"],[426,[10.0],"GE"],[53,[20.0],"TL"],[45,[100.0],"TL"],[43,[5.0],"TL"],[43,[5.0],"TL"],[43,[5.0],"TL"],[82,[10.0],"RH"],[54,[80.0],"RH"],[82,[12.0],"DE"],[82,[12.0],"DE"],[82,[12.0],"DE"],[82,[12.0],"DE"],[82,[12.0],"DE"],[82,[12.0],"DE"],[82,[12.0],"DE"],[82,[12.0],"DE"],[82,[12.0],"DE"],[82,[12.0],"DE"],[82,[12.0],"DE"],[82,[12.0],"DE"],[82,[12.0],"DE"],[82,[12.0],"DE"],[82,[12.0],"DE"],[411,[5.0],"DE"],[412,[5.0],"DE"],[410,[5.0],"DE"],[61,[5.0],"DE"],[62,[5.0],"DE"],[61,[5.0],"DE"],[62,[5.0],"DE"],[82,[12.0],"DE"]]}},"FA":{"L":[[607,50]],"M":[],"R":[],"RW":[]},"AST":[],"ATT":0,"ASCT":0,"FC":0},"O":[{},{"OID":16862926,"DUM":false,"N":"Ventrilo","E":{"BGT":0,"BGC1":1644825,"BGC2":1644825,"SPT":1,"S1":42,"SC1":14408394,"S2":42,"SC2":14408394,"IS":1},"L":70,"LL":671,"H":930,"AVP":51625,"CF":101752152,"HF":147045694,"PRE":13,"SUF":29,"TOPX":-1,"MP":12726958,"R":0,"AID":30336,"AR":7,"AN":"Wolverines","aee":{"ACCA":{"ACLI":7,"ACCS":[17,4]},"ACFB":{}},"RPT":0,"AP":[[0,16011862,509,405,1],[0,16632819,505,407,4],[0,16673031,509,407,4],[1,16366514,593,613,12],[2,16366513,654,696,12],[3,16681051,688,582,12],[4,3659,685,735,12]],"VP":[[1,409558,622,672,10],[1,610980,622,596,10],[1,610985,612,588,10],[1,713871,585,658,10],[1,725272,624,582,10],[1,2548320,501,589,10],[1,2548324,494,596,10],[1,2840852,486,575,10]],"SA":0,"VF":0,"PF":0,"RRD":0,"TI":-1}]}%
---
