[00:12:30.887] SERVER -> CLIENT
XT PACKET
  fields:
    type: xt
    command: cat
    request_id: 1
    status: 0
    payload: {"A":{"M":{"MID":24120303,"PT":0,"TT":62,"D":1,"TID":16862926,"T":2,"HBW":1007,"KID":1,"TA":[12,593,613,16366514,16862926,5,5,3,4,1,"Castle Ventrilo",0,0,-1,-1,-1,1,0,[],0],"SID":-220,"OID":16862926,"SA":[2,602,612,-1,112,10800,1]},"UM":{"PWD":0,"TWD":0,"L":{"ID":6,"WID":2,"VIS":3,"N":"","GID":127,"L":7,"ST":0,"W":2822,"D":14,"SPR":260,"EQ":[[6541856298,1,2,5,-1,[[4,50,[114.5]],[5,34,[73.7]],[110,60,[26.0]],[109,53,[29.2]]],-1,-1,0,-1,-1,3,[1,5,2970,[]]],[6540429375,2,2,5,-1,[[1,62,[85.1]],[2,36,[83.8]],[118,76,[11.6]],[116,30,[39.0]]],-1,-1,0,-1,-1,3,[2,6,3040,[4622007,32,7,3860,[[312,64,[14.2]],[313,81,[12.5]],[319,64,[6.8]],[317,77,[7.9]]],0]]],[6540429618,3,2,5,-1,[[3,74,[115.7]],[6,56,[74.8]],[115,75,[35.0]],[109,36,[22.4]]],-1,-1,0,-1,-1,3,[3,6,3410,[4616814,32,7,4140,[[315,75,[11.8]],[320,84,[17.1]],[316,93,[37.5]],[313,62,[10.1]]],0]]],[6540429766,4,2,5,-1,[[7,44,[14.2]],[121,50,[215,505.0]],[110,44,[21.2]],[111,62,[26.6]]],-1,-1,0,-1,-1,3,[4,5,3000,[4619098,32,1,1940,[[302,24,[21.1]],[304,39,[3.8]],[306,31,[6.8]]],0]]],[6541852333,6,2,15,-1,[[807,80,[21.0]],[811,85,[30.5]],[816,80,[20.4]],[815,83,[38.0]],[20013,83,[9,35.0,58,35.0,714,35.0,10,35.0,59,35.0,715,35.0]],[20016,80,[2060,34.0,2061,34.0,2062,34.0,2063,34.0,2064,34.0,2065,34.0,2066,34.0,2067,34.0,2068,34.0,148,34.0,2069,34.0,149,34.0,2070,34.0,150,34.0,151,34.0,2071,34.0,2072,34.0,2073,34.0,2074,34.0,2075,34.0,2076,34.0,2077,34.0,2078,34.0,2079,34.0,2020,34.0,2021,34.0,2022,34.0,2023,34.0,2024,34.0,2025,34.0,2026,34.0,2027,34.0,2028,34.0,2029,34.0,2030,34.0,2031,34.0,2032,34.0,2033,34.0,2034,34.0,2035,34.0,2036,34.0,2037,34.0,2038,34.0,2039,34.0]]],-1,-1,0,-1,-1,3,[65,7,4280,[]]]],"GASAIDS":[],"SIDS":[],"AE":[[426,[10.0],"GE"],[53,[20.0],"TL"]]}},"A":[[607,35]],"G":[["W",253],["S",243],["F",476],["C1",39612],["C2",15],["O",107]],"S":0},"O":[{},{"OID":16862926,"DUM":false,"N":"Ventrilo","E":{"BGT":0,"BGC1":1644825,"BGC2":1644825,"SPT":1,"S1":42,"SC1":14408394,"S2":42,"SC2":14408394,"IS":1},"L":70,"LL":671,"H":930,"AVP":51625,"CF":101752152,"HF":147045694,"PRE":13,"SUF":29,"TOPX":-1,"MP":12726958,"R":0,"AID":30336,"AR":7,"AN":"Wolverines","aee":{"ACCA":{"ACLI":7,"ACCS":[17,4]},"ACFB":{}},"RPT":0,"AP":[[0,16011862,509,405,1],[0,16632819,505,407,4],[0,16673031,509,407,4],[1,16366514,593,613,12],[2,16366513,654,696,12],[3,16681051,688,582,12],[4,3659,685,735,12]],"VP":[[1,409558,622,672,10],[1,610980,622,596,10],[1,610985,612,588,10],[1,713871,585,658,10],[1,725272,624,582,10],[1,2548320,501,589,10],[1,2548324,494,596,10],[1,2840852,486,575,10]],"SA":0,"VF":0,"PF":0,"RRD":0,"TI":-1}]}

  json_payload:
{
  "A": {
    "A": [
      [
        607,
        35
      ]
    ],
    "G": [
      [
        "W",
        253
      ],
      [
        "S",
        243
      ],
      [
        "F",
        476
      ],
      [
        "C1",
        39612
      ],
      [
        "C2",
        15
      ],
      [
        "O",
        107
      ]
    ],
    "M": {
      "D": 1,
      "HBW": 1007,
      "KID": 1,
      "MID": 24120303,
      "OID": 16862926,
      "PT": 0,
      "SA": [
        2,
        602,
        612,
        -1,
        112,
        10800,
        1
      ],
      "SID": -220,
      "T": 2,
      "TA": [
        12,
        593,
        613,
        16366514,
        16862926,
        5,
        5,
        3,
        4,
        1,
        "Castle Ventrilo",
        0,
        0,
        -1,
        -1,
        -1,
        1,
        0,
        [],
        0
      ],
      "TID": 16862926,
      "TT": 62
    },
    "S": 0,
    "UM": {
      "L": {
        "AE": [
          [
            426,
            [
              10.0
            ],
            "GE"
          ],
          [
            53,
            [
              20.0
            ],
            "TL"
          ]
        ],
        "D": 14,
        "EQ": [
          [
            6541856298,
            1,
            2,
            5,
            -1,
            [
              [
                4,
                50,
                [
                  114.5
                ]
              ],
              [
                5,
                34,
                [
                  73.7
                ]
              ],
              [
                110,
                60,
                [
                  26.0
                ]
              ],
              [
                109,
                53,
                [
                  29.2
                ]
              ]
            ],
            -1,
            -1,
            0,
            -1,
            -1,
            3,
            [
              1,
              5,
              2970,
              []
            ]
          ],
          [
            6540429375,
            2,
            2,
            5,
            -1,
            [
              [
                1,
                62,
                [
                  85.1
                ]
              ],
              [
                2,
                36,
                [
                  83.8
                ]
              ],
              [
                118,
                76,
                [
                  11.6
                ]
              ],
              [
                116,
                30,
                [
                  39.0
                ]
              ]
            ],
            -1,
            -1,
            0,
            -1,
            -1,
            3,
            [
              2,
              6,
              3040,
              [
                4622007,
                32,
                7,
                3860,
                [
                  [
                    312,
                    64,
                    [
                      14.2
                    ]
                  ],
                  [
                    313,
                    81,
                    [
                      12.5
                    ]
                  ],
                  [
                    319,
                    64,
                    [
                      6.8
                    ]
                  ],
                  [
                    317,
                    77,
                    [
                      7.9
                    ]
                  ]
                ],
                0
              ]
            ]
          ],
          [
            6540429618,
            3,
            2,
            5,
            -1,
            [
              [
                3,
                74,
                [
                  115.7
                ]
              ],
              [
                6,
                56,
                [
                  74.8
                ]
              ],
              [
                115,
                75,
                [
                  35.0
                ]
              ],
              [
                109,
                36,
                [
                  22.4
                ]
              ]
            ],
            -1,
            -1,
            0,
            -1,
            -1,
            3,
            [
              3,
              6,
              3410,
              [
                4616814,
                32,
                7,
                4140,
                [
                  [
                    315,
                    75,
                    [
                      11.8
                    ]
                  ],
                  [
                    320,
                    84,
                    [
                      17.1
                    ]
                  ],
                  [
                    316,
                    93,
                    [
                      37.5
                    ]
                  ],
                  [
                    313,
                    62,
                    [
                      10.1
                    ]
                  ]
                ],
                0
              ]
            ]
          ],
          [
            6540429766,
            4,
            2,
            5,
            -1,
            [
              [
                7,
                44,
                [
                  14.2
                ]
              ],
              [
                121,
                50,
                [
                  215,
                  505.0
                ]
              ],
              [
                110,
                44,
                [
                  21.2
                ]
              ],
              [
                111,
                62,
                [
                  26.6
                ]
              ]
            ],
            -1,
            -1,
            0,
            -1,
            -1,
            3,
            [
              4,
              5,
              3000,
              [
                4619098,
                32,
                1,
                1940,
                [
                  [
                    302,
                    24,
                    [
                      21.1
                    ]
                  ],
                  [
                    304,
                    39,
                    [
                      3.8
                    ]
                  ],
                  [
                    306,
                    31,
                    [
                      6.8
                    ]
                  ]
                ],
                0
              ]
            ]
          ],
          [
            6541852333,
            6,
            2,
            15,
            -1,
            [
              [
                807,
                80,
                [
                  21.0
                ]
              ],
              [
                811,
                85,
                [
                  30.5
                ]
              ],
              [
                816,
                80,
                [
                  20.4
                ]
              ],
              [
                815,
                83,
                [
                  38.0
                ]
              ],
              [
                20013,
                83,
                [
                  9,
                  35.0,
                  58,
                  35.0,
                  714,
                  35.0,
                  10,
                  35.0,
                  59,
                  35.0,
                  715,
                  35.0
                ]
              ],
              [
                20016,
                80,
                [
                  2060,
                  34.0,
                  2061,
                  34.0,
                  2062,
                  34.0,
                  2063,
                  34.0,
                  2064,
                  34.0,
                  2065,
                  34.0,
                  2066,
                  34.0,
                  2067,
                  34.0,
                  2068,
                  34.0,
                  148,
                  34.0,
                  2069,
                  34.0,
                  149,
                  34.0,
                  2070,
                  34.0,
                  150,
                  34.0,
                  151,
                  34.0,
                  2071,
                  34.0,
                  2072,
                  34.0,
                  2073,
                  34.0,
                  2074,
                  34.0,
                  2075,
                  34.0,
                  2076,
                  34.0,
                  2077,
                  34.0,
                  2078,
                  34.0,
                  2079,
                  34.0,
                  2020,
                  34.0,
                  2021,
                  34.0,
                  2022,
                  34.0,
                  2023,
                  34.0,
                  2024,
                  34.0,
                  2025,
                  34.0,
                  2026,
                  34.0,
                  2027,
                  34.0,
                  2028,
                  34.0,
                  2029,
                  34.0,
                  2030,
                  34.0,
                  2031,
                  34.0,
                  2032,
                  34.0,
                  2033,
                  34.0,
                  2034,
                  34.0,
                  2035,
                  34.0,
                  2036,
                  34.0,
                  2037,
                  34.0,
                  2038,
                  34.0,
                  2039,
                  34.0
                ]
              ]
            ],
            -1,
            -1,
            0,
            -1,
            -1,
            3,
            [
              65,
              7,
              4280,
              []
            ]
          ]
        ],
        "GASAIDS": [],
        "GID": 127,
        "ID": 6,
        "L": 7,
        "N": "",
        "SIDS": [],
        "SPR": 260,
        "ST": 0,
        "VIS": 3,
        "W": 2822,
        "WID": 2
      },
      "PWD": 0,
      "TWD": 0
    }
  },
  "O": [
    {},
    {
      "AID": 30336,
      "AN": "Wolverines",
      "AP": [
        [
          0,
          16011862,
          509,
          405,
          1
        ],
        [
          0,
          16632819,
          505,
          407,
          4
        ],
        [
          0,
          16673031,
          509,
          407,
          4
        ],
        [
          1,
          16366514,
          593,
          613,
          12
        ],
        [
          2,
          16366513,
          654,
          696,
          12
        ],
        [
          3,
          16681051,
          688,
          582,
          12
        ],
        [
          4,
          3659,
          685,
          735,
          12
        ]
      ],
      "AR": 7,
      "AVP": 51625,
      "CF": 101752152,
      "DUM": false,
      "E": {
        "BGC1": 1644825,
        "BGC2": 1644825,
        "BGT": 0,
        "IS": 1,
        "S1": 42,
        "S2": 42,
        "SC1": 14408394,
        "SC2": 14408394,
        "SPT": 1
      },
      "H": 930,
      "HF": 147045694,
      "L": 70,
      "LL": 671,
      "MP": 12726958,
      "N": "Ventrilo",
      "OID": 16862926,
      "PF": 0,
      "PRE": 13,
      "R": 0,
      "RPT": 0,
      "RRD": 0,
      "SA": 0,
      "SUF": 29,
      "TI": -1,
      "TOPX": -1,
      "VF": 0,
      "VP": [
        [
          1,
          409558,
          622,
          672,
          10
        ],
        [
          1,
          610980,
          622,
          596,
          10
        ],
        [
          1,
          610985,
          612,
          588,
          10
        ],
        [
          1,
          713871,
          585,
          658,
          10
        ],
        [
          1,
          725272,
          624,
          582,
          10
        ],
        [
          1,
          2548320,
          501,
          589,
          10
        ],
        [
          1,
          2548324,
          494,
          596,
          10
        ],
        [
          1,
          2840852,
          486,
          575,
          10
        ]
      ],
      "aee": {
        "ACCA": {
          "ACCS": [
            17,
            4
          ],
          "ACLI": 7
        },
        "ACFB": {}
      }
    }
  ]
}

  raw:
%xt%cat%1%0%{"A":{"M":{"MID":24120303,"PT":0,"TT":62,"D":1,"TID":16862926,"T":2,"HBW":1007,"KID":1,"TA":[12,593,613,16366514,16862926,5,5,3,4,1,"Castle Ventrilo",0,0,-1,-1,-1,1,0,[],0],"SID":-220,"OID":16862926,"SA":[2,602,612,-1,112,10800,1]},"UM":{"PWD":0,"TWD":0,"L":{"ID":6,"WID":2,"VIS":3,"N":"","GID":127,"L":7,"ST":0,"W":2822,"D":14,"SPR":260,"EQ":[[6541856298,1,2,5,-1,[[4,50,[114.5]],[5,34,[73.7]],[110,60,[26.0]],[109,53,[29.2]]],-1,-1,0,-1,-1,3,[1,5,2970,[]]],[6540429375,2,2,5,-1,[[1,62,[85.1]],[2,36,[83.8]],[118,76,[11.6]],[116,30,[39.0]]],-1,-1,0,-1,-1,3,[2,6,3040,[4622007,32,7,3860,[[312,64,[14.2]],[313,81,[12.5]],[319,64,[6.8]],[317,77,[7.9]]],0]]],[6540429618,3,2,5,-1,[[3,74,[115.7]],[6,56,[74.8]],[115,75,[35.0]],[109,36,[22.4]]],-1,-1,0,-1,-1,3,[3,6,3410,[4616814,32,7,4140,[[315,75,[11.8]],[320,84,[17.1]],[316,93,[37.5]],[313,62,[10.1]]],0]]],[6540429766,4,2,5,-1,[[7,44,[14.2]],[121,50,[215,505.0]],[110,44,[21.2]],[111,62,[26.6]]],-1,-1,0,-1,-1,3,[4,5,3000,[4619098,32,1,1940,[[302,24,[21.1]],[304,39,[3.8]],[306,31,[6.8]]],0]]],[6541852333,6,2,15,-1,[[807,80,[21.0]],[811,85,[30.5]],[816,80,[20.4]],[815,83,[38.0]],[20013,83,[9,35.0,58,35.0,714,35.0,10,35.0,59,35.0,715,35.0]],[20016,80,[2060,34.0,2061,34.0,2062,34.0,2063,34.0,2064,34.0,2065,34.0,2066,34.0,2067,34.0,2068,34.0,148,34.0,2069,34.0,149,34.0,2070,34.0,150,34.0,151,34.0,2071,34.0,2072,34.0,2073,34.0,2074,34.0,2075,34.0,2076,34.0,2077,34.0,2078,34.0,2079,34.0,2020,34.0,2021,34.0,2022,34.0,2023,34.0,2024,34.0,2025,34.0,2026,34.0,2027,34.0,2028,34.0,2029,34.0,2030,34.0,2031,34.0,2032,34.0,2033,34.0,2034,34.0,2035,34.0,2036,34.0,2037,34.0,2038,34.0,2039,34.0]]],-1,-1,0,-1,-1,3,[65,7,4280,[]]]],"GASAIDS":[],"SIDS":[],"AE":[[426,[10.0],"GE"],[53,[20.0],"TL"]]}},"A":[[607,35]],"G":[["W",253],["S",243],["F",476],["C1",39612],["C2",15],["O",107]],"S":0},"O":[{},{"OID":16862926,"DUM":false,"N":"Ventrilo","E":{"BGT":0,"BGC1":1644825,"BGC2":1644825,"SPT":1,"S1":42,"SC1":14408394,"S2":42,"SC2":14408394,"IS":1},"L":70,"LL":671,"H":930,"AVP":51625,"CF":101752152,"HF":147045694,"PRE":13,"SUF":29,"TOPX":-1,"MP":12726958,"R":0,"AID":30336,"AR":7,"AN":"Wolverines","aee":{"ACCA":{"ACLI":7,"ACCS":[17,4]},"ACFB":{}},"RPT":0,"AP":[[0,16011862,509,405,1],[0,16632819,505,407,4],[0,16673031,509,407,4],[1,16366514,593,613,12],[2,16366513,654,696,12],[3,16681051,688,582,12],[4,3659,685,735,12]],"VP":[[1,409558,622,672,10],[1,610980,622,596,10],[1,610985,612,588,10],[1,713871,585,658,10],[1,725272,624,582,10],[1,2548320,501,589,10],[1,2548324,494,596,10],[1,2840852,486,575,10]],"SA":0,"VF":0,"PF":0,"RRD":0,"TI":-1}]}%
---
