[00:11:04.272] SERVER -> CLIENT
XT PACKET
  fields:
    type: xt
    command: cra
    request_id: 1
    status: 0
    payload: {"AAM":{"M":{"MID":24119525,"PT":0,"TT":295,"D":0,"TID":-220,"T":0,"HBW":1007,"KID":1,"TA":[2,599,599,-1,112,-5665,1],"SID":16862926,"OID":16862926,"SA":[12,593,613,16366514,16862926,5,5,3,4,1,"Castle Ventrilo",0,0,-1,-1,-1,1,0,[],0]},"UM":{"PWD":0,"TWD":0,"L":{"ID":3,"WID":2,"VIS":2,"N":"","GID":-1,"W":4016,"D":34,"SPR":265,"EQ":[[6540231997,1,2,5,-1,[[4,74,[115.7]],[5,82,[76.1]],[120,71,[10.9]],[116,38,[45.4]]],-1,-1,0,-1,-1,3,[1,7,3650,[4613326,31,1,1780,[[207,30,[3.3]],[206,15,[5.1]],[205,33,[7.0]]],0]]],[6541854926,2,2,5,-1,[[1,32,[83.6]],[2,36,[83.8]],[109,57,[30.8]],[110,37,[19.1]]],-1,-1,0,-1,-1,3,[2,2,2620,[]]],[6541854999,3,2,5,-1,[[3,76,[115.8]],[6,32,[73.6]],[109,40,[24.0]],[108,47,[26.8]]],-1,-1,0,-1,-1,3,[3,5,2950,[]]],[6541451656,4,2,5,-1,[[7,68,[15.4]],[121,78,[215,782.0]],[112,68,[28.4]],[111,71,[29.3]]],-1,-1,0,-1,-1,3,[4,7,3850,[]]],[6541855871,6,2,15,-1,[[514,36,[12.2]],[510,67,[32.8]],[507,40,[28.6]],[515,72,[11.4]],[20014,35,[18,34.0,19,34.0,20,34.0,21,34.0]],[20013,73,[9,32.0,58,32.0,714,32.0,10,32.0,59,32.0,715,32.0]]],-1,-1,0,-1,-1,3,[62,6,3150,[]]]],"AE":[[111,[40.0],"AB"],[504,[45.0],"CI"],[614,[30.0],"CI"],[66,[45.0],"CI"],[614,[6.0],"CI"],[614,[7.0],"CI"],[66,[2.0],"CI"],[426,[10.0],"GE"],[53,[20.0],"TL"],[45,[100.0],"TL"],[43,[5.0],"TL"],[43,[5.0],"TL"],[43,[5.0],"TL"],[82,[10.0],"RH"],[54,[80.0],"RH"],[82,[12.0],"DE"],[82,[12.0],"DE"],[82,[12.0],"DE"],[82,[12.0],"DE"],[82,[12.0],"DE"],[82,[12.0],"DE"],[82,[12.0],"DE"],[82,[12.0],"DE"],[82,[12.0],"DE"],[82,[12.0],"DE"],[82,[12.0],"DE"],[82,[12.0],"DE"],[82,[12.0],"DE"],[82,[12.0],"DE"],[82,[12.0],"DE"],[411,[5.0],"DE"],[412,[5.0],"DE"],[410,[5.0],"DE"],[61,[5.0],"DE"],[62,[5.0],"DE"],[61,[5.0],"DE"],[62,[5.0],"DE"],[82,[12.0],"DE"]]}},"FA":{"L":[[607,50]],"M":[],"R":[],"RW":[]},"AST":[],"ATT":0,"ASCT":0,"FC":0},"O":[{},{"OID":16862926,"DUM":false,"N":"Ventrilo","E":{"BGT":0,"BGC1":1644825,"BGC2":1644825,"SPT":1,"S1":42,"SC1":14408394,"S2":42,"SC2":14408394,"IS":1},"L":70,"LL":671,"H":930,"AVP":51625,"CF":101752152,"HF":147045694,"PRE":13,"SUF":29,"TOPX":-1,"MP":12726958,"R":0,"AID":30336,"AR":7,"AN":"Wolverines","aee":{"ACCA":{"ACLI":7,"ACCS":[17,4]},"ACFB":{}},"RPT":0,"AP":[[0,16011862,509,405,1],[0,16632819,505,407,4],[0,16673031,509,407,4],[1,16366514,593,613,12],[2,16366513,654,696,12],[3,16681051,688,582,12],[4,3659,685,735,12]],"VP":[[1,409558,622,672,10],[1,610980,622,596,10],[1,610985,612,588,10],[1,713871,585,658,10],[1,725272,624,582,10],[1,2548320,501,589,10],[1,2548324,494,596,10],[1,2840852,486,575,10]],"SA":0,"VF":0,"PF":0,"RRD":0,"TI":-1}]}

  json_payload:
{
  "AAM": {
    "ASCT": 0,
    "AST": [],
    "ATT": 0,
    "FA": {
      "L": [
        [
          607,
          50
        ]
      ],
      "M": [],
      "R": [],
      "RW": []
    },
    "FC": 0,
    "M": {
      "D": 0,
      "HBW": 1007,
      "KID": 1,
      "MID": 24119525,
      "OID": 16862926,
      "PT": 0,
      "SA": [
        12,
        593,
        613,
        16366514,
        16862926,
        5,
        5,
        3,
        4,
        1,
        "Castle Ventrilo",
        0,
        0,
        -1,
        -1,
        -1,
        1,
        0,
        [],
        0
      ],
      "SID": 16862926,
      "T": 0,
      "TA": [
        2,
        599,
        599,
        -1,
        112,
        -5665,
        1
      ],
      "TID": -220,
      "TT": 295
    },
    "UM": {
      "L": {
        "AE": [
          [
            111,
            [
              40.0
            ],
            "AB"
          ],
          [
            504,
            [
              45.0
            ],
            "CI"
          ],
          [
            614,
            [
              30.0
            ],
            "CI"
          ],
          [
            66,
            [
              45.0
            ],
            "CI"
          ],
          [
            614,
            [
              6.0
            ],
            "CI"
          ],
          [
            614,
            [
              7.0
            ],
            "CI"
          ],
          [
            66,
            [
              2.0
            ],
            "CI"
          ],
          [
            426,
            [
              10.0
            ],
            "GE"
          ],
          [
            53,
            [
              20.0
            ],
            "TL"
          ],
          [
            45,
            [
              100.0
            ],
            "TL"
          ],
          [
            43,
            [
              5.0
            ],
            "TL"
          ],
          [
            43,
            [
              5.0
            ],
            "TL"
          ],
          [
            43,
            [
              5.0
            ],
            "TL"
          ],
          [
            82,
            [
              10.0
            ],
            "RH"
          ],
          [
            54,
            [
              80.0
            ],
            "RH"
          ],
          [
            82,
            [
              12.0
            ],
            "DE"
          ],
          [
            82,
            [
              12.0
            ],
            "DE"
          ],
          [
            82,
            [
              12.0
            ],
            "DE"
          ],
          [
            82,
            [
              12.0
            ],
            "DE"
          ],
          [
            82,
            [
              12.0
            ],
            "DE"
          ],
          [
            82,
            [
              12.0
            ],
            "DE"
          ],
          [
            82,
            [
              12.0
            ],
            "DE"
          ],
          [
            82,
            [
              12.0
            ],
            "DE"
          ],
          [
            82,
            [
              12.0
            ],
            "DE"
          ],
          [
            82,
            [
              12.0
            ],
            "DE"
          ],
          [
            82,
            [
              12.0
            ],
            "DE"
          ],
          [
            82,
            [
              12.0
            ],
            "DE"
          ],
          [
            82,
            [
              12.0
            ],
            "DE"
          ],
          [
            82,
            [
              12.0
            ],
            "DE"
          ],
          [
            82,
            [
              12.0
            ],
            "DE"
          ],
          [
            411,
            [
              5.0
            ],
            "DE"
          ],
          [
            412,
            [
              5.0
            ],
            "DE"
          ],
          [
            410,
            [
              5.0
            ],
            "DE"
          ],
          [
            61,
            [
              5.0
            ],
            "DE"
          ],
          [
            62,
            [
              5.0
            ],
            "DE"
          ],
          [
            61,
            [
              5.0
            ],
            "DE"
          ],
          [
            62,
            [
              5.0
            ],
            "DE"
          ],
          [
            82,
            [
              12.0
            ],
            "DE"
          ]
        ],
        "D": 34,
        "EQ": [
          [
            6540231997,
            1,
            2,
            5,
            -1,
            [
              [
                4,
                74,
                [
                  115.7
                ]
              ],
              [
                5,
                82,
                [
                  76.1
                ]
              ],
              [
                120,
                71,
                [
                  10.9
                ]
              ],
              [
                116,
                38,
                [
                  45.4
                ]
              ]
            ],
            -1,
            -1,
            0,
            -1,
            -1,
            3,
            [
              1,
              7,
              3650,
              [
                4613326,
                31,
                1,
                1780,
                [
                  [
                    207,
                    30,
                    [
                      3.3
                    ]
                  ],
                  [
                    206,
                    15,
                    [
                      5.1
                    ]
                  ],
                  [
                    205,
                    33,
                    [
                      7.0
                    ]
                  ]
                ],
                0
              ]
            ]
          ],
          [
            6541854926,
            2,
            2,
            5,
            -1,
            [
              [
                1,
                32,
                [
                  83.6
                ]
              ],
              [
                2,
                36,
                [
                  83.8
                ]
              ],
              [
                109,
                57,
                [
                  30.8
                ]
              ],
              [
                110,
                37,
                [
                  19.1
                ]
              ]
            ],
            -1,
            -1,
            0,
            -1,
            -1,
            3,
            [
              2,
              2,
              2620,
              []
            ]
          ],
          [
            6541854999,
            3,
            2,
            5,
            -1,
            [
              [
                3,
                76,
                [
                  115.8
                ]
              ],
              [
                6,
                32,
                [
                  73.6
                ]
              ],
              [
                109,
                40,
                [
                  24.0
                ]
              ],
              [
                108,
                47,
                [
                  26.8
                ]
              ]
            ],
            -1,
            -1,
            0,
            -1,
            -1,
            3,
            [
              3,
              5,
              2950,
              []
            ]
          ],
          [
            6541451656,
            4,
            2,
            5,
            -1,
            [
              [
                7,
                68,
                [
                  15.4
                ]
              ],
              [
                121,
                78,
                [
                  215,
                  782.0
                ]
              ],
              [
                112,
                68,
                [
                  28.4
                ]
              ],
              [
                111,
                71,
                [
                  29.3
                ]
              ]
            ],
            -1,
            -1,
            0,
            -1,
            -1,
            3,
            [
              4,
              7,
              3850,
              []
            ]
          ],
          [
            6541855871,
            6,
            2,
            15,
            -1,
            [
              [
                514,
                36,
                [
                  12.2
                ]
              ],
              [
                510,
                67,
                [
                  32.8
                ]
              ],
              [
                507,
                40,
                [
                  28.6
                ]
              ],
              [
                515,
                72,
                [
                  11.4
                ]
              ],
              [
                20014,
                35,
                [
                  18,
                  34.0,
                  19,
                  34.0,
                  20,
                  34.0,
                  21,
                  34.0
                ]
              ],
              [
                20013,
                73,
                [
                  9,
                  32.0,
                  58,
                  32.0,
                  714,
                  32.0,
                  10,
                  32.0,
                  59,
                  32.0,
                  715,
                  32.0
                ]
              ]
            ],
            -1,
            -1,
            0,
            -1,
            -1,
            3,
            [
              62,
              6,
              3150,
              []
            ]
          ]
        ],
        "GID": -1,
        "ID": 3,
        "N": "",
        "SPR": 265,
        "VIS": 2,
        "W": 4016,
        "WID": 2
      },
      "PWD": 0,
      "TWD": 0
    }
  },
  "O": [
    {},
    {
      "AID": 30336,
      "AN": "Wolverines",
      "AP": [
        [
          0,
          16011862,
          509,
          405,
          1
        ],
        [
          0,
          16632819,
          505,
          407,
          4
        ],
        [
          0,
          16673031,
          509,
          407,
          4
        ],
        [
          1,
          16366514,
          593,
          613,
          12
        ],
        [
          2,
          16366513,
          654,
          696,
          12
        ],
        [
          3,
          16681051,
          688,
          582,
          12
        ],
        [
          4,
          3659,
          685,
          735,
          12
        ]
      ],
      "AR": 7,
      "AVP": 51625,
      "CF": 101752152,
      "DUM": false,
      "E": {
        "BGC1": 1644825,
        "BGC2": 1644825,
        "BGT": 0,
        "IS": 1,
        "S1": 42,
        "S2": 42,
        "SC1": 14408394,
        "SC2": 14408394,
        "SPT": 1
      },
      "H": 930,
      "HF": 147045694,
      "L": 70,
      "LL": 671,
      "MP": 12726958,
      "N": "Ventrilo",
      "OID": 16862926,
      "PF": 0,
      "PRE": 13,
      "R": 0,
      "RPT": 0,
      "RRD": 0,
      "SA": 0,
      "SUF": 29,
      "TI": -1,
      "TOPX": -1,
      "VF": 0,
      "VP": [
        [
          1,
          409558,
          622,
          672,
          10
        ],
        [
          1,
          610980,
          622,
          596,
          10
        ],
        [
          1,
          610985,
          612,
          588,
          10
        ],
        [
          1,
          713871,
          585,
          658,
          10
        ],
        [
          1,
          725272,
          624,
          582,
          10
        ],
        [
          1,
          2548320,
          501,
          589,
          10
        ],
        [
          1,
          2548324,
          494,
          596,
          10
        ],
        [
          1,
          2840852,
          486,
          575,
          10
        ]
      ],
      "aee": {
        "ACCA": {
          "ACCS": [
            17,
            4
          ],
          "ACLI": 7
        },
        "ACFB": {}
      }
    }
  ]
}

  raw:
%xt%cra%1%0%{"AAM":{"M":{"MID":24119525,"PT":0,"TT":295,"D":0,"TID":-220,"T":0,"HBW":1007,"KID":1,"TA":[2,599,599,-1,112,-5665,1],"SID":16862926,"OID":16862926,"SA":[12,593,613,16366514,16862926,5,5,3,4,1,"Castle Ventrilo",0,0,-1,-1,-1,1,0,[],0]},"UM":{"PWD":0,"TWD":0,"L":{"ID":3,"WID":2,"VIS":2,"N":"","GID":-1,"W":4016,"D":34,"SPR":265,"EQ":[[6540231997,1,2,5,-1,[[4,74,[115.7]],[5,82,[76.1]],[120,71,[10.9]],[116,38,[45.4]]],-1,-1,0,-1,-1,3,[1,7,3650,[4613326,31,1,1780,[[207,30,[3.3]],[206,15,[5.1]],[205,33,[7.0]]],0]]],[6541854926,2,2,5,-1,[[1,32,[83.6]],[2,36,[83.8]],[109,57,[30.8]],[110,37,[19.1]]],-1,-1,0,-1,-1,3,[2,2,2620,[]]],[6541854999,3,2,5,-1,[[3,76,[115.8]],[6,32,[73.6]],[109,40,[24.0]],[108,47,[26.8]]],-1,-1,0,-1,-1,3,[3,5,2950,[]]],[6541451656,4,2,5,-1,[[7,68,[15.4]],[121,78,[215,782.0]],[112,68,[28.4]],[111,71,[29.3]]],-1,-1,0,-1,-1,3,[4,7,3850,[]]],[6541855871,6,2,15,-1,[[514,36,[12.2]],[510,67,[32.8]],[507,40,[28.6]],[515,72,[11.4]],[20014,35,[18,34.0,19,34.0,20,34.0,21,34.0]],[20013,73,[9,32.0,58,32.0,714,32.0,10,32.0,59,32.0,715,32.0]]],-1,-1,0,-1,-1,3,[62,6,3150,[]]]],"AE":[[111,[40.0],"AB"],[504,[45.0],"CI"],[614,[30.0],"CI"],[66,[45.0],"CI"],[614,[6.0],"CI"],[614,[7.0],"CI"],[66,[2.0],"CI"],[426,[10.0],"GE"],[53,[20.0],"TL"],[45,[100.0],"TL"],[43,[5.0],"TL"],[43,[5.0],"TL"],[43,[5.0],"TL"],[82,[10.0],"RH"],[54,[80.0],"RH"],[82,[12.0],"DE"],[82,[12.0],"DE"],[82,[12.0],"DE"],[82,[12.0],"DE"],[82,[12.0],"DE"],[82,[12.0],"DE"],[82,[12.0],"DE"],[82,[12.0],"DE"],[82,[12.0],"DE"],[82,[12.0],"DE"],[82,[12.0],"DE"],[82,[12.0],"DE"],[82,[12.0],"DE"],[82,[12.0],"DE"],[82,[12.0],"DE"],[411,[5.0],"DE"],[412,[5.0],"DE"],[410,[5.0],"DE"],[61,[5.0],"DE"],[62,[5.0],"DE"],[61,[5.0],"DE"],[62,[5.0],"DE"],[82,[12.0],"DE"]]}},"FA":{"L":[[607,50]],"M":[],"R":[],"RW":[]},"AST":[],"ATT":0,"ASCT":0,"FC":0},"O":[{},{"OID":16862926,"DUM":false,"N":"Ventrilo","E":{"BGT":0,"BGC1":1644825,"BGC2":1644825,"SPT":1,"S1":42,"SC1":14408394,"S2":42,"SC2":14408394,"IS":1},"L":70,"LL":671,"H":930,"AVP":51625,"CF":101752152,"HF":147045694,"PRE":13,"SUF":29,"TOPX":-1,"MP":12726958,"R":0,"AID":30336,"AR":7,"AN":"Wolverines","aee":{"ACCA":{"ACLI":7,"ACCS":[17,4]},"ACFB":{}},"RPT":0,"AP":[[0,16011862,509,405,1],[0,16632819,505,407,4],[0,16673031,509,407,4],[1,16366514,593,613,12],[2,16366513,654,696,12],[3,16681051,688,582,12],[4,3659,685,735,12]],"VP":[[1,409558,622,672,10],[1,610980,622,596,10],[1,610985,612,588,10],[1,713871,585,658,10],[1,725272,624,582,10],[1,2548320,501,589,10],[1,2548324,494,596,10],[1,2840852,486,575,10]],"SA":0,"VF":0,"PF":0,"RRD":0,"TI":-1}]}%
---
