[00:11:48.604] SERVER -> CLIENT
XT PACKET
  fields:
    type: xt
    command: cra
    request_id: 1
    status: 0
    payload: {"AAM":{"M":{"MID":24119926,"PT":0,"TT":321,"D":0,"TID":-220,"T":0,"HBW":1007,"KID":1,"TA":[2,577,608,-1,112,-1571,1],"SID":16862926,"OID":16862926,"SA":[12,593,613,16366514,16862926,5,5,3,4,1,"Castle Ventrilo",0,0,-1,-1,-1,1,0,[],0]},"UM":{"PWD":0,"TWD":0,"L":{"ID":9,"WID":2,"VIS":6,"N":"","GID":-1,"W":2195,"D":8,"SPR":249,"EQ":[[6540430349,1,2,5,-1,[[4,100,[117.0]],[5,100,[77.0]],[110,100,[38.0]],[120,100,[15.0]]],-1,-1,0,-1,-1,3,[1,7,5000,[]]],[6541855345,2,2,5,-1,[[1,66,[85.3]],[2,38,[83.9]],[109,52,[28.8]],[115,63,[30.2]]],-1,-1,0,-1,-1,3,[2,6,3190,[]]],[6541856051,3,2,5,-1,[[3,76,[115.8]],[6,30,[73.5]],[110,41,[20.3]],[109,37,[22.8]]],-1,-1,0,-1,-1,3,[3,4,2840,[]]],[6540429646,4,2,5,-1,[[7,88,[16.4]],[114,76,[22.5]],[110,84,[33.2]],[121,80,[215,802.0]]],-1,-1,0,-1,-1,3,[4,7,4280,[4616464,32,7,4270,[[312,82,[17.1]],[310,82,[20.9]],[311,73,[15.7]],[314,90,[23.1]]],0]]],[6541852151,6,2,15,-1,[[811,35,[15.5]],[816,76,[19.5]],[812,52,[20.6]],[808,73,[43.1]],[20013,53,[9,26.0,58,26.0,714,26.0,10,26.0,59,26.0,715,26.0]],[20017,47,[195,12.0,196,12.0,197,12.0,198,12.0,199,12.0,200,12.0,201,12.0,202,12.0,203,12.0,204,12.0,205,12.0,206,12.0,207,12.0,208,12.0,209,12.0,210,12.0,211,12.0,212,12.0,213,12.0,214,12.0,215,12.0,216,12.0,217,12.0,218,12.0,219,12.0,220,12.0,221,12.0,222,12.0,223,12.0,224,12.0,225,12.0,226,12.0,227,12.0,228,12.0,229,12.0,230,12.0,231,12.0,232,12.0,233,12.0,234,12.0,235,12.0,236,12.0,237,12.0,238,12.0]]],-1,-1,0,-1,-1,3,[65,6,3360,[]]]],"AE":[[111,[40.0],"AB"],[504,[45.0],"CI"],[614,[30.0],"CI"],[66,[45.0],"CI"],[614,[6.0],"CI"],[614,[7.0],"CI"],[66,[2.0],"CI"],[426,[10.0],"GE"],[53,[20.0],"TL"],[45,[100.0],"TL"],[43,[5.0],"TL"],[43,[5.0],"TL"],[43,[5.0],"TL"],[82,[10.0],"RH"],[54,[80.0],"RH"],[82,[12.0],"DE"],[82,[12.0],"DE"],[82,[12.0],"DE"],[82,[12.0],"DE"],[82,[12.0],"DE"],[82,[12.0],"DE"],[82,[12.0],"DE"],[82,[12.0],"DE"],[82,[12.0],"DE"],[82,[12.0],"DE"],[82,[12.0],"DE"],[82,[12.0],"DE"],[82,[12.0],"DE"],[82,[12.0],"DE"],[82,[12.0],"DE"],[411,[5.0],"DE"],[412,[5.0],"DE"],[410,[5.0],"DE"],[61,[5.0],"DE"],[62,[5.0],"DE"],[61,[5.0],"DE"],[62,[5.0],"DE"],[82,[12.0],"DE"]]}},"FA":{"L":[[607,50]],"M":[],"R":[],"RW":[]},"AST":[],"ATT":0,"ASCT":0,"FC":0},"O":[{},{"OID":16862926,"DUM":false,"N":"Ventrilo","E":{"BGT":0,"BGC1":1644825,"BGC2":1644825,"SPT":1,"S1":42,"SC1":14408394,"S2":42,"SC2":14408394,"IS":1},"L":70,"LL":671,"H":930,"AVP":51625,"CF":101752152,"HF":147045694,"PRE":13,"SUF":29,"TOPX":-1,"MP":12726958,"R":0,"AID":30336,"AR":7,"AN":"Wolverines","aee":{"ACCA":{"ACLI":7,"ACCS":[17,4]},"ACFB":{}},"RPT":0,"AP":[[0,16011862,509,405,1],[0,16632819,505,407,4],[0,16673031,509,407,4],[1,16366514,593,613,12],[2,16366513,654,696,12],[3,16681051,688,582,12],[4,3659,685,735,12]],"VP":[[1,409558,622,672,10],[1,610980,622,596,10],[1,610985,612,588,10],[1,713871,585,658,10],[1,725272,624,582,10],[1,2548320,501,589,10],[1,2548324,494,596,10],[1,2840852,486,575,10]],"SA":0,"VF":0,"PF":0,"RRD":0,"TI":-1}]}

  json_payload:
{
  "AAM": {
    "ASCT": 0,
    "AST": [],
    "ATT": 0,
    "FA": {
      "L": [
        [
          607,
          50
        ]
      ],
      "M": [],
      "R": [],
      "RW": []
    },
    "FC": 0,
    "M": {
      "D": 0,
      "HBW": 1007,
      "KID": 1,
      "MID": 24119926,
      "OID": 16862926,
      "PT": 0,
      "SA": [
        12,
        593,
        613,
        16366514,
        16862926,
        5,
        5,
        3,
        4,
        1,
        "Castle Ventrilo",
        0,
        0,
        -1,
        -1,
        -1,
        1,
        0,
        [],
        0
      ],
      "SID": 16862926,
      "T": 0,
      "TA": [
        2,
        577,
        608,
        -1,
        112,
        -1571,
        1
      ],
      "TID": -220,
      "TT": 321
    },
    "UM": {
      "L": {
        "AE": [
          [
            111,
            [
              40.0
            ],
            "AB"
          ],
          [
            504,
            [
              45.0
            ],
            "CI"
          ],
          [
            614,
            [
              30.0
            ],
            "CI"
          ],
          [
            66,
            [
              45.0
            ],
            "CI"
          ],
          [
            614,
            [
              6.0
            ],
            "CI"
          ],
          [
            614,
            [
              7.0
            ],
            "CI"
          ],
          [
            66,
            [
              2.0
            ],
            "CI"
          ],
          [
            426,
            [
              10.0
            ],
            "GE"
          ],
          [
            53,
            [
              20.0
            ],
            "TL"
          ],
          [
            45,
            [
              100.0
            ],
            "TL"
          ],
          [
            43,
            [
              5.0
            ],
            "TL"
          ],
          [
            43,
            [
              5.0
            ],
            "TL"
          ],
          [
            43,
            [
              5.0
            ],
            "TL"
          ],
          [
            82,
            [
              10.0
            ],
            "RH"
          ],
          [
            54,
            [
              80.0
            ],
            "RH"
          ],
          [
            82,
            [
              12.0
            ],
            "DE"
          ],
          [
            82,
            [
              12.0
            ],
            "DE"
          ],
          [
            82,
            [
              12.0
            ],
            "DE"
          ],
          [
            82,
            [
              12.0
            ],
            "DE"
          ],
          [
            82,
            [
              12.0
            ],
            "DE"
          ],
          [
            82,
            [
              12.0
            ],
            "DE"
          ],
          [
            82,
            [
              12.0
            ],
            "DE"
          ],
          [
            82,
            [
              12.0
            ],
            "DE"
          ],
          [
            82,
            [
              12.0
            ],
            "DE"
          ],
          [
            82,
            [
              12.0
            ],
            "DE"
          ],
          [
            82,
            [
              12.0
            ],
            "DE"
          ],
          [
            82,
            [
              12.0
            ],
            "DE"
          ],
          [
            82,
            [
              12.0
            ],
            "DE"
          ],
          [
            82,
            [
              12.0
            ],
            "DE"
          ],
          [
            82,
            [
              12.0
            ],
            "DE"
          ],
          [
            411,
            [
              5.0
            ],
            "DE"
          ],
          [
            412,
            [
              5.0
            ],
            "DE"
          ],
          [
            410,
            [
              5.0
            ],
            "DE"
          ],
          [
            61,
            [
              5.0
            ],
            "DE"
          ],
          [
            62,
            [
              5.0
            ],
            "DE"
          ],
          [
            61,
            [
              5.0
            ],
            "DE"
          ],
          [
            62,
            [
              5.0
            ],
            "DE"
          ],
          [
            82,
            [
              12.0
            ],
            "DE"
          ]
        ],
        "D": 8,
        "EQ": [
          [
            6540430349,
            1,
            2,
            5,
            -1,
            [
              [
                4,
                100,
                [
                  117.0
                ]
              ],
              [
                5,
                100,
                [
                  77.0
                ]
              ],
              [
                110,
                100,
                [
                  38.0
                ]
              ],
              [
                120,
                100,
                [
                  15.0
                ]
              ]
            ],
            -1,
            -1,
            0,
            -1,
            -1,
            3,
            [
              1,
              7,
              5000,
              []
            ]
          ],
          [
            6541855345,
            2,
            2,
            5,
            -1,
            [
              [
                1,
                66,
                [
                  85.3
                ]
              ],
              [
                2,
                38,
                [
                  83.9
                ]
              ],
              [
                109,
                52,
                [
                  28.8
                ]
              ],
              [
                115,
                63,
                [
                  30.2
                ]
              ]
            ],
            -1,
            -1,
            0,
            -1,
            -1,
            3,
            [
              2,
              6,
              3190,
              []
            ]
          ],
          [
            6541856051,
            3,
            2,
            5,
            -1,
            [
              [
                3,
                76,
                [
                  115.8
                ]
              ],
              [
                6,
                30,
                [
                  73.5
                ]
              ],
              [
                110,
                41,
                [
                  20.3
                ]
              ],
              [
                109,
                37,
                [
                  22.8
                ]
              ]
            ],
            -1,
            -1,
            0,
            -1,
            -1,
            3,
            [
              3,
              4,
              2840,
              []
            ]
          ],
          [
            6540429646,
            4,
            2,
            5,
            -1,
            [
              [
                7,
                88,
                [
                  16.4
                ]
              ],
              [
                114,
                76,
                [
                  22.5
                ]
              ],
              [
                110,
                84,
                [
                  33.2
                ]
              ],
              [
                121,
                80,
                [
                  215,
                  802.0
                ]
              ]
            ],
            -1,
            -1,
            0,
            -1,
            -1,
            3,
            [
              4,
              7,
              4280,
              [
                4616464,
                32,
                7,
                4270,
                [
                  [
                    312,
                    82,
                    [
                      17.1
                    ]
                  ],
                  [
                    310,
                    82,
                    [
                      20.9
                    ]
                  ],
                  [
                    311,
                    73,
                    [
                      15.7
                    ]
                  ],
                  [
                    314,
                    90,
                    [
                      23.1
                    ]
                  ]
                ],
                0
              ]
            ]
          ],
          [
            6541852151,
            6,
            2,
            15,
            -1,
            [
              [
                811,
                35,
                [
                  15.5
                ]
              ],
              [
                816,
                76,
                [
                  19.5
                ]
              ],
              [
                812,
                52,
                [
                  20.6
                ]
              ],
              [
                808,
                73,
                [
                  43.1
                ]
              ],
              [
                20013,
                53,
                [
                  9,
                  26.0,
                  58,
                  26.0,
                  714,
                  26.0,
                  10,
                  26.0,
                  59,
                  26.0,
                  715,
                  26.0
                ]
              ],
              [
                20017,
                47,
                [
                  195,
                  12.0,
                  196,
                  12.0,
                  197,
                  12.0,
                  198,
                  12.0,
                  199,
                  12.0,
                  200,
                  12.0,
                  201,
                  12.0,
                  202,
                  12.0,
                  203,
                  12.0,
                  204,
                  12.0,
                  205,
                  12.0,
                  206,
                  12.0,
                  207,
                  12.0,
                  208,
                  12.0,
                  209,
                  12.0,
                  210,
                  12.0,
                  211,
                  12.0,
                  212,
                  12.0,
                  213,
                  12.0,
                  214,
                  12.0,
                  215,
                  12.0,
                  216,
                  12.0,
                  217,
                  12.0,
                  218,
                  12.0,
                  219,
                  12.0,
                  220,
                  12.0,
                  221,
                  12.0,
                  222,
                  12.0,
                  223,
                  12.0,
                  224,
                  12.0,
                  225,
                  12.0,
                  226,
                  12.0,
                  227,
                  12.0,
                  228,
                  12.0,
                  229,
                  12.0,
                  230,
                  12.0,
                  231,
                  12.0,
                  232,
                  12.0,
                  233,
                  12.0,
                  234,
                  12.0,
                  235,
                  12.0,
                  236,
                  12.0,
                  237,
                  12.0,
                  238,
                  12.0
                ]
              ]
            ],
            -1,
            -1,
            0,
            -1,
            -1,
            3,
            [
              65,
              6,
              3360,
              []
            ]
          ]
        ],
        "GID": -1,
        "ID": 9,
        "N": "",
        "SPR": 249,
        "VIS": 6,
        "W": 2195,
        "WID": 2
      },
      "PWD": 0,
      "TWD": 0
    }
  },
  "O": [
    {},
    {
      "AID": 30336,
      "AN": "Wolverines",
      "AP": [
        [
          0,
          16011862,
          509,
          405,
          1
        ],
        [
          0,
          16632819,
          505,
          407,
          4
        ],
        [
          0,
          16673031,
          509,
          407,
          4
        ],
        [
          1,
          16366514,
          593,
          613,
          12
        ],
        [
          2,
          16366513,
          654,
          696,
          12
        ],
        [
          3,
          16681051,
          688,
          582,
          12
        ],
        [
          4,
          3659,
          685,
          735,
          12
        ]
      ],
      "AR": 7,
      "AVP": 51625,
      "CF": 101752152,
      "DUM": false,
      "E": {
        "BGC1": 1644825,
        "BGC2": 1644825,
        "BGT": 0,
        "IS": 1,
        "S1": 42,
        "S2": 42,
        "SC1": 14408394,
        "SC2": 14408394,
        "SPT": 1
      },
      "H": 930,
      "HF": 147045694,
      "L": 70,
      "LL": 671,
      "MP": 12726958,
      "N": "Ventrilo",
      "OID": 16862926,
      "PF": 0,
      "PRE": 13,
      "R": 0,
      "RPT": 0,
      "RRD": 0,
      "SA": 0,
      "SUF": 29,
      "TI": -1,
      "TOPX": -1,
      "VF": 0,
      "VP": [
        [
          1,
          409558,
          622,
          672,
          10
        ],
        [
          1,
          610980,
          622,
          596,
          10
        ],
        [
          1,
          610985,
          612,
          588,
          10
        ],
        [
          1,
          713871,
          585,
          658,
          10
        ],
        [
          1,
          725272,
          624,
          582,
          10
        ],
        [
          1,
          2548320,
          501,
          589,
          10
        ],
        [
          1,
          2548324,
          494,
          596,
          10
        ],
        [
          1,
          2840852,
          486,
          575,
          10
        ]
      ],
      "aee": {
        "ACCA": {
          "ACCS": [
            17,
            4
          ],
          "ACLI": 7
        },
        "ACFB": {}
      }
    }
  ]
}

  raw:
%xt%cra%1%0%{"AAM":{"M":{"MID":24119926,"PT":0,"TT":321,"D":0,"TID":-220,"T":0,"HBW":1007,"KID":1,"TA":[2,577,608,-1,112,-1571,1],"SID":16862926,"OID":16862926,"SA":[12,593,613,16366514,16862926,5,5,3,4,1,"Castle Ventrilo",0,0,-1,-1,-1,1,0,[],0]},"UM":{"PWD":0,"TWD":0,"L":{"ID":9,"WID":2,"VIS":6,"N":"","GID":-1,"W":2195,"D":8,"SPR":249,"EQ":[[6540430349,1,2,5,-1,[[4,100,[117.0]],[5,100,[77.0]],[110,100,[38.0]],[120,100,[15.0]]],-1,-1,0,-1,-1,3,[1,7,5000,[]]],[6541855345,2,2,5,-1,[[1,66,[85.3]],[2,38,[83.9]],[109,52,[28.8]],[115,63,[30.2]]],-1,-1,0,-1,-1,3,[2,6,3190,[]]],[6541856051,3,2,5,-1,[[3,76,[115.8]],[6,30,[73.5]],[110,41,[20.3]],[109,37,[22.8]]],-1,-1,0,-1,-1,3,[3,4,2840,[]]],[6540429646,4,2,5,-1,[[7,88,[16.4]],[114,76,[22.5]],[110,84,[33.2]],[121,80,[215,802.0]]],-1,-1,0,-1,-1,3,[4,7,4280,[4616464,32,7,4270,[[312,82,[17.1]],[310,82,[20.9]],[311,73,[15.7]],[314,90,[23.1]]],0]]],[6541852151,6,2,15,-1,[[811,35,[15.5]],[816,76,[19.5]],[812,52,[20.6]],[808,73,[43.1]],[20013,53,[9,26.0,58,26.0,714,26.0,10,26.0,59,26.0,715,26.0]],[20017,47,[195,12.0,196,12.0,197,12.0,198,12.0,199,12.0,200,12.0,201,12.0,202,12.0,203,12.0,204,12.0,205,12.0,206,12.0,207,12.0,208,12.0,209,12.0,210,12.0,211,12.0,212,12.0,213,12.0,214,12.0,215,12.0,216,12.0,217,12.0,218,12.0,219,12.0,220,12.0,221,12.0,222,12.0,223,12.0,224,12.0,225,12.0,226,12.0,227,12.0,228,12.0,229,12.0,230,12.0,231,12.0,232,12.0,233,12.0,234,12.0,235,12.0,236,12.0,237,12.0,238,12.0]]],-1,-1,0,-1,-1,3,[65,6,3360,[]]]],"AE":[[111,[40.0],"AB"],[504,[45.0],"CI"],[614,[30.0],"CI"],[66,[45.0],"CI"],[614,[6.0],"CI"],[614,[7.0],"CI"],[66,[2.0],"CI"],[426,[10.0],"GE"],[53,[20.0],"TL"],[45,[100.0],"TL"],[43,[5.0],"TL"],[43,[5.0],"TL"],[43,[5.0],"TL"],[82,[10.0],"RH"],[54,[80.0],"RH"],[82,[12.0],"DE"],[82,[12.0],"DE"],[82,[12.0],"DE"],[82,[12.0],"DE"],[82,[12.0],"DE"],[82,[12.0],"DE"],[82,[12.0],"DE"],[82,[12.0],"DE"],[82,[12.0],"DE"],[82,[12.0],"DE"],[82,[12.0],"DE"],[82,[12.0],"DE"],[82,[12.0],"DE"],[82,[12.0],"DE"],[82,[12.0],"DE"],[411,[5.0],"DE"],[412,[5.0],"DE"],[410,[5.0],"DE"],[61,[5.0],"DE"],[62,[5.0],"DE"],[61,[5.0],"DE"],[62,[5.0],"DE"],[82,[12.0],"DE"]]}},"FA":{"L":[[607,50]],"M":[],"R":[],"RW":[]},"AST":[],"ATT":0,"ASCT":0,"FC":0},"O":[{},{"OID":16862926,"DUM":false,"N":"Ventrilo","E":{"BGT":0,"BGC1":1644825,"BGC2":1644825,"SPT":1,"S1":42,"SC1":14408394,"S2":42,"SC2":14408394,"IS":1},"L":70,"LL":671,"H":930,"AVP":51625,"CF":101752152,"HF":147045694,"PRE":13,"SUF":29,"TOPX":-1,"MP":12726958,"R":0,"AID":30336,"AR":7,"AN":"Wolverines","aee":{"ACCA":{"ACLI":7,"ACCS":[17,4]},"ACFB":{}},"RPT":0,"AP":[[0,16011862,509,405,1],[0,16632819,505,407,4],[0,16673031,509,407,4],[1,16366514,593,613,12],[2,16366513,654,696,12],[3,16681051,688,582,12],[4,3659,685,735,12]],"VP":[[1,409558,622,672,10],[1,610980,622,596,10],[1,610985,612,588,10],[1,713871,585,658,10],[1,725272,624,582,10],[1,2548320,501,589,10],[1,2548324,494,596,10],[1,2840852,486,575,10]],"SA":0,"VF":0,"PF":0,"RRD":0,"TI":-1}]}%
---
