[00:11:54.896] SERVER -> CLIENT
XT PACKET
  fields:
    type: xt
    command: cat
    request_id: 1
    status: 0
    payload: {"A":{"M":{"MID":24119981,"PT":0,"TT":61,"D":1,"TID":16862926,"T":2,"HBW":1007,"KID":1,"TA":[12,593,613,16366514,16862926,5,5,3,4,1,"Castle Ventrilo",0,0,-1,-1,-1,1,0,[],0],"SID":-220,"OID":16862926,"SA":[2,585,609,-1,112,10800,1]},"UM":{"PWD":0,"TWD":0,"L":{"ID":0,"WID":2,"VIS":0,"N":"","GID":-1,"W":4748,"D":40,"SPR":311,"EQ":[[6540437167,1,2,5,-1,[[4,100,[117.0]],[5,100,[77.0]],[109,100,[48.0]],[115,100,[45.0]]],-1,-1,0,-1,-1,3,[1,7,5000,[4619725,31,2,2240,[[207,50,[4.4]],[206,45,[8.2]],[208,29,[9.8]]],0]]],[6541852847,2,2,5,-1,[[1,100,[87.0]],[2,100,[87.0]],[115,100,[45.0]],[108,100,[48.0]]],-1,-1,0,-1,-1,3,[2,7,5000,[4625321,31,4,2590,[[204,39,[3.8]],[208,61,[14.9]],[206,59,[9.7]]],0]]],[6540429546,3,2,5,-1,[[3,68,[115.4]],[6,76,[75.8]],[115,80,[37.0]],[116,77,[76.6]]],-1,-1,0,-1,-1,3,[3,7,4010,[4615428,31,5,2640,[[201,51,[8.9]],[206,53,[9.1]],[208,60,[14.7]]],0]]],[6541854106,4,2,5,-1,[[7,100,[17.0]],[114,100,[28.0]],[121,100,[215,1000.0]],[110,100,[38.0]]],-1,-1,0,-1,-1,3,[4,7,5000,[4637976,31,4,2350,[[205,28,[6.4]],[207,45,[4.1]],[206,62,[10.0]]],0]]],[6541854072,6,2,15,-1,[[512,75,[44.0]],[510,39,[22.4]],[514,37,[12.4]],[513,61,[23.3]],[20015,40,[22,36.0,23,36.0]],[20017,73,[195,16.0,196,16.0,197,16.0,198,16.0,199,16.0,200,16.0,201,16.0,202,16.0,203,16.0,204,16.0,205,16.0,206,16.0,207,16.0,208,16.0,209,16.0,210,16.0,211,16.0,212,16.0,213,16.0,214,16.0,215,16.0,216,16.0,217,16.0,218,16.0,219,16.0,220,16.0,221,16.0,222,16.0,223,16.0,224,16.0,225,16.0,226,16.0,227,16.0,228,16.0,229,16.0,230,16.0,231,16.0,232,16.0,233,16.0,234,16.0,235,16.0,236,16.0,237,16.0,238,16.0]]],-1,-1,0,-1,-1,3,[62,6,3120,[]]]],"AE":[[426,[10.0],"GE"],[53,[20.0],"TL"]]}},"A":[[607,37]],"G":[["W",199],["S",188],["F",658],["C1",39612],["C2",16],["O",94]],"S":0},"O":[{},{"OID":16862926,"DUM":false,"N":"Ventrilo","E":{"BGT":0,"BGC1":1644825,"BGC2":1644825,"SPT":1,"S1":42,"SC1":14408394,"S2":42,"SC2":14408394,"IS":1},"L":70,"LL":671,"H":930,"AVP":51625,"CF":101752152,"HF":147045694,"PRE":13,"SUF":29,"TOPX":-1,"MP":12726958,"R":0,"AID":30336,"AR":7,"AN":"Wolverines","aee":{"ACCA":{"ACLI":7,"ACCS":[17,4]},"ACFB":{}},"RPT":0,"AP":[[0,16011862,509,405,1],[0,16632819,505,407,4],[0,16673031,509,407,4],[1,16366514,593,613,12],[2,16366513,654,696,12],[3,16681051,688,582,12],[4,3659,685,735,12]],"VP":[[1,409558,622,672,10],[1,610980,622,596,10],[1,610985,612,588,10],[1,713871,585,658,10],[1,725272,624,582,10],[1,2548320,501,589,10],[1,2548324,494,596,10],[1,2840852,486,575,10]],"SA":0,"VF":0,"PF":0,"RRD":0,"TI":-1}]}

  json_payload:
{
  "A": {
    "A": [
      [
        607,
        37
      ]
    ],
    "G": [
      [
        "W",
        199
      ],
      [
        "S",
        188
      ],
      [
        "F",
        658
      ],
      [
        "C1",
        39612
      ],
      [
        "C2",
        16
      ],
      [
        "O",
        94
      ]
    ],
    "M": {
      "D": 1,
      "HBW": 1007,
      "KID": 1,
      "MID": 24119981,
      "OID": 16862926,
      "PT": 0,
      "SA": [
        2,
        585,
        609,
        -1,
        112,
        10800,
        1
      ],
      "SID": -220,
      "T": 2,
      "TA": [
        12,
        593,
        613,
        16366514,
        16862926,
        5,
        5,
        3,
        4,
        1,
        "Castle Ventrilo",
        0,
        0,
        -1,
        -1,
        -1,
        1,
        0,
        [],
        0
      ],
      "TID": 16862926,
      "TT": 61
    },
    "S": 0,
    "UM": {
      "L": {
        "AE": [
          [
            426,
            [
              10.0
            ],
            "GE"
          ],
          [
            53,
            [
              20.0
            ],
            "TL"
          ]
        ],
        "D": 40,
        "EQ": [
          [
            6540437167,
            1,
            2,
            5,
            -1,
            [
              [
                4,
                100,
                [
                  117.0
                ]
              ],
              [
                5,
                100,
                [
                  77.0
                ]
              ],
              [
                109,
                100,
                [
                  48.0
                ]
              ],
              [
                115,
                100,
                [
                  45.0
                ]
              ]
            ],
            -1,
            -1,
            0,
            -1,
            -1,
            3,
            [
              1,
              7,
              5000,
              [
                4619725,
                31,
                2,
                2240,
                [
                  [
                    207,
                    50,
                    [
                      4.4
                    ]
                  ],
                  [
                    206,
                    45,
                    [
                      8.2
                    ]
                  ],
                  [
                    208,
                    29,
                    [
                      9.8
                    ]
                  ]
                ],
                0
              ]
            ]
          ],
          [
            6541852847,
            2,
            2,
            5,
            -1,
            [
              [
                1,
                100,
                [
                  87.0
                ]
              ],
              [
                2,
                100,
                [
                  87.0
                ]
              ],
              [
                115,
                100,
                [
                  45.0
                ]
              ],
              [
                108,
                100,
                [
                  48.0
                ]
              ]
            ],
            -1,
            -1,
            0,
            -1,
            -1,
            3,
            [
              2,
              7,
              5000,
              [
                4625321,
                31,
                4,
                2590,
                [
                  [
                    204,
                    39,
                    [
                      3.8
                    ]
                  ],
                  [
                    208,
                    61,
                    [
                      14.9
                    ]
                  ],
                  [
                    206,
                    59,
                    [
                      9.7
                    ]
                  ]
                ],
                0
              ]
            ]
          ],
          [
            6540429546,
            3,
            2,
            5,
            -1,
            [
              [
                3,
                68,
                [
                  115.4
                ]
              ],
              [
                6,
                76,
                [
                  75.8
                ]
              ],
              [
                115,
                80,
                [
                  37.0
                ]
              ],
              [
                116,
                77,
                [
                  76.6
                ]
              ]
            ],
            -1,
            -1,
            0,
            -1,
            -1,
            3,
            [
              3,
              7,
              4010,
              [
                4615428,
                31,
                5,
                2640,
                [
                  [
                    201,
                    51,
                    [
                      8.9
                    ]
                  ],
                  [
                    206,
                    53,
                    [
                      9.1
                    ]
                  ],
                  [
                    208,
                    60,
                    [
                      14.7
                    ]
                  ]
                ],
                0
              ]
            ]
          ],
          [
            6541854106,
            4,
            2,
            5,
            -1,
            [
              [
                7,
                100,
                [
                  17.0
                ]
              ],
              [
                114,
                100,
                [
                  28.0
                ]
              ],
              [
                121,
                100,
                [
                  215,
                  1000.0
                ]
              ],
              [
                110,
                100,
                [
                  38.0
                ]
              ]
            ],
            -1,
            -1,
            0,
            -1,
            -1,
            3,
            [
              4,
              7,
              5000,
              [
                4637976,
                31,
                4,
                2350,
                [
                  [
                    205,
                    28,
                    [
                      6.4
                    ]
                  ],
                  [
                    207,
                    45,
                    [
                      4.1
                    ]
                  ],
                  [
                    206,
                    62,
                    [
                      10.0
                    ]
                  ]
                ],
                0
              ]
            ]
          ],
          [
            6541854072,
            6,
            2,
            15,
            -1,
            [
              [
                512,
                75,
                [
                  44.0
                ]
              ],
              [
                510,
                39,
                [
                  22.4
                ]
              ],
              [
                514,
                37,
                [
                  12.4
                ]
              ],
              [
                513,
                61,
                [
                  23.3
                ]
              ],
              [
                20015,
                40,
                [
                  22,
                  36.0,
                  23,
                  36.0
                ]
              ],
              [
                20017,
                73,
                [
                  195,
                  16.0,
                  196,
                  16.0,
                  197,
                  16.0,
                  198,
                  16.0,
                  199,
                  16.0,
                  200,
                  16.0,
                  201,
                  16.0,
                  202,
                  16.0,
                  203,
                  16.0,
                  204,
                  16.0,
                  205,
                  16.0,
                  206,
                  16.0,
                  207,
                  16.0,
                  208,
                  16.0,
                  209,
                  16.0,
                  210,
                  16.0,
                  211,
                  16.0,
                  212,
                  16.0,
                  213,
                  16.0,
                  214,
                  16.0,
                  215,
                  16.0,
                  216,
                  16.0,
                  217,
                  16.0,
                  218,
                  16.0,
                  219,
                  16.0,
                  220,
                  16.0,
                  221,
                  16.0,
                  222,
                  16.0,
                  223,
                  16.0,
                  224,
                  16.0,
                  225,
                  16.0,
                  226,
                  16.0,
                  227,
                  16.0,
                  228,
                  16.0,
                  229,
                  16.0,
                  230,
                  16.0,
                  231,
                  16.0,
                  232,
                  16.0,
                  233,
                  16.0,
                  234,
                  16.0,
                  235,
                  16.0,
                  236,
                  16.0,
                  237,
                  16.0,
                  238,
                  16.0
                ]
              ]
            ],
            -1,
            -1,
            0,
            -1,
            -1,
            3,
            [
              62,
              6,
              3120,
              []
            ]
          ]
        ],
        "GID": -1,
        "ID": 0,
        "N": "",
        "SPR": 311,
        "VIS": 0,
        "W": 4748,
        "WID": 2
      },
      "PWD": 0,
      "TWD": 0
    }
  },
  "O": [
    {},
    {
      "AID": 30336,
      "AN": "Wolverines",
      "AP": [
        [
          0,
          16011862,
          509,
          405,
          1
        ],
        [
          0,
          16632819,
          505,
          407,
          4
        ],
        [
          0,
          16673031,
          509,
          407,
          4
        ],
        [
          1,
          16366514,
          593,
          613,
          12
        ],
        [
          2,
          16366513,
          654,
          696,
          12
        ],
        [
          3,
          16681051,
          688,
          582,
          12
        ],
        [
          4,
          3659,
          685,
          735,
          12
        ]
      ],
      "AR": 7,
      "AVP": 51625,
      "CF": 101752152,
      "DUM": false,
      "E": {
        "BGC1": 1644825,
        "BGC2": 1644825,
        "BGT": 0,
        "IS": 1,
        "S1": 42,
        "S2": 42,
        "SC1": 14408394,
        "SC2": 14408394,
        "SPT": 1
      },
      "H": 930,
      "HF": 147045694,
      "L": 70,
      "LL": 671,
      "MP": 12726958,
      "N": "Ventrilo",
      "OID": 16862926,
      "PF": 0,
      "PRE": 13,
      "R": 0,
      "RPT": 0,
      "RRD": 0,
      "SA": 0,
      "SUF": 29,
      "TI": -1,
      "TOPX": -1,
      "VF": 0,
      "VP": [
        [
          1,
          409558,
          622,
          672,
          10
        ],
        [
          1,
          610980,
          622,
          596,
          10
        ],
        [
          1,
          610985,
          612,
          588,
          10
        ],
        [
          1,
          713871,
          585,
          658,
          10
        ],
        [
          1,
          725272,
          624,
          582,
          10
        ],
        [
          1,
          2548320,
          501,
          589,
          10
        ],
        [
          1,
          2548324,
          494,
          596,
          10
        ],
        [
          1,
          2840852,
          486,
          575,
          10
        ]
      ],
      "aee": {
        "ACCA": {
          "ACCS": [
            17,
            4
          ],
          "ACLI": 7
        },
        "ACFB": {}
      }
    }
  ]
}

  raw:
%xt%cat%1%0%{"A":{"M":{"MID":24119981,"PT":0,"TT":61,"D":1,"TID":16862926,"T":2,"HBW":1007,"KID":1,"TA":[12,593,613,16366514,16862926,5,5,3,4,1,"Castle Ventrilo",0,0,-1,-1,-1,1,0,[],0],"SID":-220,"OID":16862926,"SA":[2,585,609,-1,112,10800,1]},"UM":{"PWD":0,"TWD":0,"L":{"ID":0,"WID":2,"VIS":0,"N":"","GID":-1,"W":4748,"D":40,"SPR":311,"EQ":[[6540437167,1,2,5,-1,[[4,100,[117.0]],[5,100,[77.0]],[109,100,[48.0]],[115,100,[45.0]]],-1,-1,0,-1,-1,3,[1,7,5000,[4619725,31,2,2240,[[207,50,[4.4]],[206,45,[8.2]],[208,29,[9.8]]],0]]],[6541852847,2,2,5,-1,[[1,100,[87.0]],[2,100,[87.0]],[115,100,[45.0]],[108,100,[48.0]]],-1,-1,0,-1,-1,3,[2,7,5000,[4625321,31,4,2590,[[204,39,[3.8]],[208,61,[14.9]],[206,59,[9.7]]],0]]],[6540429546,3,2,5,-1,[[3,68,[115.4]],[6,76,[75.8]],[115,80,[37.0]],[116,77,[76.6]]],-1,-1,0,-1,-1,3,[3,7,4010,[4615428,31,5,2640,[[201,51,[8.9]],[206,53,[9.1]],[208,60,[14.7]]],0]]],[6541854106,4,2,5,-1,[[7,100,[17.0]],[114,100,[28.0]],[121,100,[215,1000.0]],[110,100,[38.0]]],-1,-1,0,-1,-1,3,[4,7,5000,[4637976,31,4,2350,[[205,28,[6.4]],[207,45,[4.1]],[206,62,[10.0]]],0]]],[6541854072,6,2,15,-1,[[512,75,[44.0]],[510,39,[22.4]],[514,37,[12.4]],[513,61,[23.3]],[20015,40,[22,36.0,23,36.0]],[20017,73,[195,16.0,196,16.0,197,16.0,198,16.0,199,16.0,200,16.0,201,16.0,202,16.0,203,16.0,204,16.0,205,16.0,206,16.0,207,16.0,208,16.0,209,16.0,210,16.0,211,16.0,212,16.0,213,16.0,214,16.0,215,16.0,216,16.0,217,16.0,218,16.0,219,16.0,220,16.0,221,16.0,222,16.0,223,16.0,224,16.0,225,16.0,226,16.0,227,16.0,228,16.0,229,16.0,230,16.0,231,16.0,232,16.0,233,16.0,234,16.0,235,16.0,236,16.0,237,16.0,238,16.0]]],-1,-1,0,-1,-1,3,[62,6,3120,[]]]],"AE":[[426,[10.0],"GE"],[53,[20.0],"TL"]]}},"A":[[607,37]],"G":[["W",199],["S",188],["F",658],["C1",39612],["C2",16],["O",94]],"S":0},"O":[{},{"OID":16862926,"DUM":false,"N":"Ventrilo","E":{"BGT":0,"BGC1":1644825,"BGC2":1644825,"SPT":1,"S1":42,"SC1":14408394,"S2":42,"SC2":14408394,"IS":1},"L":70,"LL":671,"H":930,"AVP":51625,"CF":101752152,"HF":147045694,"PRE":13,"SUF":29,"TOPX":-1,"MP":12726958,"R":0,"AID":30336,"AR":7,"AN":"Wolverines","aee":{"ACCA":{"ACLI":7,"ACCS":[17,4]},"ACFB":{}},"RPT":0,"AP":[[0,16011862,509,405,1],[0,16632819,505,407,4],[0,16673031,509,407,4],[1,16366514,593,613,12],[2,16366513,654,696,12],[3,16681051,688,582,12],[4,3659,685,735,12]],"VP":[[1,409558,622,672,10],[1,610980,622,596,10],[1,610985,612,588,10],[1,713871,585,658,10],[1,725272,624,582,10],[1,2548320,501,589,10],[1,2548324,494,596,10],[1,2840852,486,575,10]],"SA":0,"VF":0,"PF":0,"RRD":0,"TI":-1}]}%
---
