[00:13:20.091] SERVER -> CLIENT
XT PACKET
  fields:
    type: xt
    command: cat
    request_id: 1
    status: 0
    payload: {"A":{"M":{"MID":24120728,"PT":0,"TT":76,"D":1,"TID":16862926,"T":2,"HBW":1007,"KID":1,"TA":[12,593,613,16366514,16862926,5,5,3,4,1,"Castle Ventrilo",0,0,-1,-1,-1,1,0,[],0],"SID":-220,"OID":16862926,"SA":[2,594,625,-1,112,10800,1]},"UM":{"PWD":0,"TWD":0,"L":{"ID":7,"WID":2,"VIS":4,"N":"","GID":-1,"W":2370,"D":8,"SPR":256,"EQ":[[6540287192,1,2,5,-1,[[4,74,[115.7]],[5,66,[75.3]],[116,62,[64.6]],[114,85,[24.5]]],-1,-1,0,-1,-1,3,[1,7,3870,[]]],[6540944402,2,2,5,-1,[[1,62,[85.1]],[2,82,[86.1]],[108,71,[36.4]],[109,84,[41.6]]],-1,-1,0,-1,-1,3,[2,7,3990,[]]],[6540429676,3,2,5,-1,[[3,72,[115.6]],[6,86,[76.3]],[113,84,[15.6]],[110,78,[31.4]]],-1,-1,0,-1,-1,3,[3,7,4200,[]]],[6541852530,4,2,5,-1,[[7,80,[16.0]],[121,79,[215,792.0]],[117,34,[18.6]],[110,72,[29.6]]],-1,-1,0,-1,-1,3,[4,7,3650,[]]],[6541852695,6,2,15,-1,[[815,82,[37.6]],[807,82,[21.4]],[806,92,[88.8]],[809,85,[48.4]],[20013,90,[9,37.0,58,37.0,714,37.0,10,37.0,59,37.0,715,37.0]],[20018,100,[1.0]]],-1,-1,0,-1,-1,3,[65,7,4410,[]]]],"AE":[[426,[10.0],"GE"],[53,[20.0],"TL"]]}},"A":[[607,34]],"G":[["W",245],["S",245],["F",453],["C1",39612],["C2",16],["O",104]],"S":0},"O":[{},{"OID":16862926,"DUM":false,"N":"Ventrilo","E":{"BGT":0,"BGC1":1644825,"BGC2":1644825,"SPT":1,"S1":42,"SC1":14408394,"S2":42,"SC2":14408394,"IS":1},"L":70,"LL":671,"H":930,"AVP":51625,"CF":101752152,"HF":147045694,"PRE":13,"SUF":29,"TOPX":-1,"MP":12726958,"R":0,"AID":30336,"AR":7,"AN":"Wolverines","aee":{"ACCA":{"ACLI":7,"ACCS":[17,4]},"ACFB":{}},"RPT":0,"AP":[[0,16011862,509,405,1],[0,16632819,505,407,4],[0,16673031,509,407,4],[1,16366514,593,613,12],[2,16366513,654,696,12],[3,16681051,688,582,12],[4,3659,685,735,12]],"VP":[[1,409558,622,672,10],[1,610980,622,596,10],[1,610985,612,588,10],[1,713871,585,658,10],[1,725272,624,582,10],[1,2548320,501,589,10],[1,2548324,494,596,10],[1,2840852,486,575,10]],"SA":0,"VF":0,"PF":0,"RRD":0,"TI":-1}]}

  json_payload:
{
  "A": {
    "A": [
      [
        607,
        34
      ]
    ],
    "G": [
      [
        "W",
        245
      ],
      [
        "S",
        245
      ],
      [
        "F",
        453
      ],
      [
        "C1",
        39612
      ],
      [
        "C2",
        16
      ],
      [
        "O",
        104
      ]
    ],
    "M": {
      "D": 1,
      "HBW": 1007,
      "KID": 1,
      "MID": 24120728,
      "OID": 16862926,
      "PT": 0,
      "SA": [
        2,
        594,
        625,
        -1,
        112,
        10800,
        1
      ],
      "SID": -220,
      "T": 2,
      "TA": [
        12,
        593,
        613,
        16366514,
        16862926,
        5,
        5,
        3,
        4,
        1,
        "Castle Ventrilo",
        0,
        0,
        -1,
        -1,
        -1,
        1,
        0,
        [],
        0
      ],
      "TID": 16862926,
      "TT": 76
    },
    "S": 0,
    "UM": {
      "L": {
        "AE": [
          [
            426,
            [
              10.0
            ],
            "GE"
          ],
          [
            53,
            [
              20.0
            ],
            "TL"
          ]
        ],
        "D": 8,
        "EQ": [
          [
            6540287192,
            1,
            2,
            5,
            -1,
            [
              [
                4,
                74,
                [
                  115.7
                ]
              ],
              [
                5,
                66,
                [
                  75.3
                ]
              ],
              [
                116,
                62,
                [
                  64.6
                ]
              ],
              [
                114,
                85,
                [
                  24.5
                ]
              ]
            ],
            -1,
            -1,
            0,
            -1,
            -1,
            3,
            [
              1,
              7,
              3870,
              []
            ]
          ],
          [
            6540944402,
            2,
            2,
            5,
            -1,
            [
              [
                1,
                62,
                [
                  85.1
                ]
              ],
              [
                2,
                82,
                [
                  86.1
                ]
              ],
              [
                108,
                71,
                [
                  36.4
                ]
              ],
              [
                109,
                84,
                [
                  41.6
                ]
              ]
            ],
            -1,
            -1,
            0,
            -1,
            -1,
            3,
            [
              2,
              7,
              3990,
              []
            ]
          ],
          [
            6540429676,
            3,
            2,
            5,
            -1,
            [
              [
                3,
                72,
                [
                  115.6
                ]
              ],
              [
                6,
                86,
                [
                  76.3
                ]
              ],
              [
                113,
                84,
                [
                  15.6
                ]
              ],
              [
                110,
                78,
                [
                  31.4
                ]
              ]
            ],
            -1,
            -1,
            0,
            -1,
            -1,
            3,
            [
              3,
              7,
              4200,
              []
            ]
          ],
          [
            6541852530,
            4,
            2,
            5,
            -1,
            [
              [
                7,
                80,
                [
                  16.0
                ]
              ],
              [
                121,
                79,
                [
                  215,
                  792.0
                ]
              ],
              [
                117,
                34,
                [
                  18.6
                ]
              ],
              [
                110,
                72,
                [
                  29.6
                ]
              ]
            ],
            -1,
            -1,
            0,
            -1,
            -1,
            3,
            [
              4,
              7,
              3650,
              []
            ]
          ],
          [
            6541852695,
            6,
            2,
            15,
            -1,
            [
              [
                815,
                82,
                [
                  37.6
                ]
              ],
              [
                807,
                82,
                [
                  21.4
                ]
              ],
              [
                806,
                92,
                [
                  88.8
                ]
              ],
              [
                809,
                85,
                [
                  48.4
                ]
              ],
              [
                20013,
                90,
                [
                  9,
                  37.0,
                  58,
                  37.0,
                  714,
                  37.0,
                  10,
                  37.0,
                  59,
                  37.0,
                  715,
                  37.0
                ]
              ],
              [
                20018,
                100,
                [
                  1.0
                ]
              ]
            ],
            -1,
            -1,
            0,
            -1,
            -1,
            3,
            [
              65,
              7,
              4410,
              []
            ]
          ]
        ],
        "GID": -1,
        "ID": 7,
        "N": "",
        "SPR": 256,
        "VIS": 4,
        "W": 2370,
        "WID": 2
      },
      "PWD": 0,
      "TWD": 0
    }
  },
  "O": [
    {},
    {
      "AID": 30336,
      "AN": "Wolverines",
      "AP": [
        [
          0,
          16011862,
          509,
          405,
          1
        ],
        [
          0,
          16632819,
          505,
          407,
          4
        ],
        [
          0,
          16673031,
          509,
          407,
          4
        ],
        [
          1,
          16366514,
          593,
          613,
          12
        ],
        [
          2,
          16366513,
          654,
          696,
          12
        ],
        [
          3,
          16681051,
          688,
          582,
          12
        ],
        [
          4,
          3659,
          685,
          735,
          12
        ]
      ],
      "AR": 7,
      "AVP": 51625,
      "CF": 101752152,
      "DUM": false,
      "E": {
        "BGC1": 1644825,
        "BGC2": 1644825,
        "BGT": 0,
        "IS": 1,
        "S1": 42,
        "S2": 42,
        "SC1": 14408394,
        "SC2": 14408394,
        "SPT": 1
      },
      "H": 930,
      "HF": 147045694,
      "L": 70,
      "LL": 671,
      "MP": 12726958,
      "N": "Ventrilo",
      "OID": 16862926,
      "PF": 0,
      "PRE": 13,
      "R": 0,
      "RPT": 0,
      "RRD": 0,
      "SA": 0,
      "SUF": 29,
      "TI": -1,
      "TOPX": -1,
      "VF": 0,
      "VP": [
        [
          1,
          409558,
          622,
          672,
          10
        ],
        [
          1,
          610980,
          622,
          596,
          10
        ],
        [
          1,
          610985,
          612,
          588,
          10
        ],
        [
          1,
          713871,
          585,
          658,
          10
        ],
        [
          1,
          725272,
          624,
          582,
          10
        ],
        [
          1,
          2548320,
          501,
          589,
          10
        ],
        [
          1,
          2548324,
          494,
          596,
          10
        ],
        [
          1,
          2840852,
          486,
          575,
          10
        ]
      ],
      "aee": {
        "ACCA": {
          "ACCS": [
            17,
            4
          ],
          "ACLI": 7
        },
        "ACFB": {}
      }
    }
  ]
}

  raw:
%xt%cat%1%0%{"A":{"M":{"MID":24120728,"PT":0,"TT":76,"D":1,"TID":16862926,"T":2,"HBW":1007,"KID":1,"TA":[12,593,613,16366514,16862926,5,5,3,4,1,"Castle Ventrilo",0,0,-1,-1,-1,1,0,[],0],"SID":-220,"OID":16862926,"SA":[2,594,625,-1,112,10800,1]},"UM":{"PWD":0,"TWD":0,"L":{"ID":7,"WID":2,"VIS":4,"N":"","GID":-1,"W":2370,"D":8,"SPR":256,"EQ":[[6540287192,1,2,5,-1,[[4,74,[115.7]],[5,66,[75.3]],[116,62,[64.6]],[114,85,[24.5]]],-1,-1,0,-1,-1,3,[1,7,3870,[]]],[6540944402,2,2,5,-1,[[1,62,[85.1]],[2,82,[86.1]],[108,71,[36.4]],[109,84,[41.6]]],-1,-1,0,-1,-1,3,[2,7,3990,[]]],[6540429676,3,2,5,-1,[[3,72,[115.6]],[6,86,[76.3]],[113,84,[15.6]],[110,78,[31.4]]],-1,-1,0,-1,-1,3,[3,7,4200,[]]],[6541852530,4,2,5,-1,[[7,80,[16.0]],[121,79,[215,792.0]],[117,34,[18.6]],[110,72,[29.6]]],-1,-1,0,-1,-1,3,[4,7,3650,[]]],[6541852695,6,2,15,-1,[[815,82,[37.6]],[807,82,[21.4]],[806,92,[88.8]],[809,85,[48.4]],[20013,90,[9,37.0,58,37.0,714,37.0,10,37.0,59,37.0,715,37.0]],[20018,100,[1.0]]],-1,-1,0,-1,-1,3,[65,7,4410,[]]]],"AE":[[426,[10.0],"GE"],[53,[20.0],"TL"]]}},"A":[[607,34]],"G":[["W",245],["S",245],["F",453],["C1",39612],["C2",16],["O",104]],"S":0},"O":[{},{"OID":16862926,"DUM":false,"N":"Ventrilo","E":{"BGT":0,"BGC1":1644825,"BGC2":1644825,"SPT":1,"S1":42,"SC1":14408394,"S2":42,"SC2":14408394,"IS":1},"L":70,"LL":671,"H":930,"AVP":51625,"CF":101752152,"HF":147045694,"PRE":13,"SUF":29,"TOPX":-1,"MP":12726958,"R":0,"AID":30336,"AR":7,"AN":"Wolverines","aee":{"ACCA":{"ACLI":7,"ACCS":[17,4]},"ACFB":{}},"RPT":0,"AP":[[0,16011862,509,405,1],[0,16632819,505,407,4],[0,16673031,509,407,4],[1,16366514,593,613,12],[2,16366513,654,696,12],[3,16681051,688,582,12],[4,3659,685,735,12]],"VP":[[1,409558,622,672,10],[1,610980,622,596,10],[1,610985,612,588,10],[1,713871,585,658,10],[1,725272,624,582,10],[1,2548320,501,589,10],[1,2548324,494,596,10],[1,2840852,486,575,10]],"SA":0,"VF":0,"PF":0,"RRD":0,"TI":-1}]}%
---
