[00:10:51.499] SERVER -> CLIENT
XT PACKET
  fields:
    type: xt
    command: cra
    request_id: 1
    status: 0
    payload: {"AAM":{"M":{"MID":24119439,"PT":0,"TT":309,"D":0,"TID":-220,"T":0,"HBW":1007,"KID":1,"TA":[2,595,629,-1,112,-5677,1],"SID":16862926,"OID":16862926,"SA":[12,593,613,16366514,16862926,5,5,3,4,1,"Castle Ventrilo",0,0,-1,-1,-1,1,0,[],0]},"UM":{"PWD":0,"TWD":0,"L":{"ID":2,"WID":2,"VIS":1,"N":"","GID":-1,"W":4283,"D":55,"SPR":281,"EQ":[[6540429286,1,2,5,-1,[[4,48,[114.4]],[5,44,[74.2]],[109,48,[27.2]],[117,70,[33.0]]],-1,-1,0,-1,-1,3,[1,5,3100,[4616465,32,4,2740,[[319,44,[5.0]],[314,33,[12.3]],[318,66,[13.9]],[320,31,[7.6]]],0]]],[6540429364,2,2,5,-1,[[1,54,[84.7]],[2,48,[84.4]],[114,84,[24.3]],[109,44,[25.6]]],-1,-1,0,-1,-1,3,[2,5,3300,[4616815,32,7,4170,[[314,79,[21.0]],[315,60,[9.8]],[317,88,[8.9]],[312,90,[18.4]]],0]]],[6541850043,3,2,5,-1,[[3,56,[114.8]],[6,46,[74.3]],[116,65,[67.0]],[112,52,[23.6]]],-1,-1,0,-1,-1,3,[3,5,3190,[]]],[6540429353,4,2,5,-1,[[7,38,[13.9]],[108,53,[29.2]],[111,60,[26.0]],[121,80,[215,802.0]]],-1,-1,0,-1,-1,3,[4,6,3310,[4616491,32,2,2260,[[308,33,[3.5]],[305,40,[7.7]],[302,53,[31.7]]],0]]],[6540485393,6,2,15,-1,[[703,45,[17.6]],[701,53,[27.2]],[705,55,[11.9]],[20003,63,[18,9.0,19,9.0,20,9.0,21,9.0]],[20006,38,[620,64.0]]],-1,-1,0,-1,-1,3,[64,3,2530,[]]]],"AE":[[111,[40.0],"AB"],[504,[45.0],"CI"],[614,[30.0],"CI"],[66,[45.0],"CI"],[614,[6.0],"CI"],[614,[7.0],"CI"],[66,[2.0],"CI"],[426,[10.0],"GE"],[53,[20.0],"TL"],[45,[100.0],"TL"],[43,[5.0],"TL"],[43,[5.0],"TL"],[43,[5.0],"TL"],[82,[10.0],"RH"],[54,[80.0],"RH"],[82,[12.0],"DE"],[82,[12.0],"DE"],[82,[12.0],"DE"],[82,[12.0],"DE"],[82,[12.0],"DE"],[82,[12.0],"DE"],[82,[12.0],"DE"],[82,[12.0],"DE"],[82,[12.0],"DE"],[82,[12.0],"DE"],[82,[12.0],"DE"],[82,[12.0],"DE"],[82,[12.0],"DE"],[82,[12.0],"DE"],[82,[12.0],"DE"],[411,[5.0],"DE"],[412,[5.0],"DE"],[410,[5.0],"DE"],[61,[5.0],"DE"],[62,[5.0],"DE"],[61,[5.0],"DE"],[62,[5.0],"DE"],[82,[12.0],"DE"]]}},"FA":{"L":[[607,50]],"M":[],"R":[],"RW":[]},"AST":[],"ATT":0,"ASCT":0,"FC":0},"O":[{},{"OID":16862926,"DUM":false,"N":"Ventrilo","E":{"BGT":0,"BGC1":1644825,"BGC2":1644825,"SPT":1,"S1":42,"SC1":14408394,"S2":42,"SC2":14408394,"IS":1},"L":70,"LL":671,"H":930,"AVP":51625,"CF":101752152,"HF":147045694,"PRE":13,"SUF":29,"TOPX":-1,"MP":12726958,"R":0,"AID":30336,"AR":7,"AN":"Wolverines","aee":{"ACCA":{"ACLI":7,"ACCS":[17,4]},"ACFB":{}},"RPT":0,"AP":[[0,16011862,509,405,1],[0,16632819,505,407,4],[0,16673031,509,407,4],[1,16366514,593,613,12],[2,16366513,654,696,12],[3,16681051,688,582,12],[4,3659,685,735,12]],"VP":[[1,409558,622,672,10],[1,610980,622,596,10],[1,610985,612,588,10],[1,713871,585,658,10],[1,725272,624,582,10],[1,2548320,501,589,10],[1,2548324,494,596,10],[1,2840852,486,575,10]],"SA":0,"VF":0,"PF":0,"RRD":0,"TI":-1}]}

  json_payload:
{
  "AAM": {
    "ASCT": 0,
    "AST": [],
    "ATT": 0,
    "FA": {
      "L": [
        [
          607,
          50
        ]
      ],
      "M": [],
      "R": [],
      "RW": []
    },
    "FC": 0,
    "M": {
      "D": 0,
      "HBW": 1007,
      "KID": 1,
      "MID": 24119439,
      "OID": 16862926,
      "PT": 0,
      "SA": [
        12,
        593,
        613,
        16366514,
        16862926,
        5,
        5,
        3,
        4,
        1,
        "Castle Ventrilo",
        0,
        0,
        -1,
        -1,
        -1,
        1,
        0,
        [],
        0
      ],
      "SID": 16862926,
      "T": 0,
      "TA": [
        2,
        595,
        629,
        -1,
        112,
        -5677,
        1
      ],
      "TID": -220,
      "TT": 309
    },
    "UM": {
      "L": {
        "AE": [
          [
            111,
            [
              40.0
            ],
            "AB"
          ],
          [
            504,
            [
              45.0
            ],
            "CI"
          ],
          [
            614,
            [
              30.0
            ],
            "CI"
          ],
          [
            66,
            [
              45.0
            ],
            "CI"
          ],
          [
            614,
            [
              6.0
            ],
            "CI"
          ],
          [
            614,
            [
              7.0
            ],
            "CI"
          ],
          [
            66,
            [
              2.0
            ],
            "CI"
          ],
          [
            426,
            [
              10.0
            ],
            "GE"
          ],
          [
            53,
            [
              20.0
            ],
            "TL"
          ],
          [
            45,
            [
              100.0
            ],
            "TL"
          ],
          [
            43,
            [
              5.0
            ],
            "TL"
          ],
          [
            43,
            [
              5.0
            ],
            "TL"
          ],
          [
            43,
            [
              5.0
            ],
            "TL"
          ],
          [
            82,
            [
              10.0
            ],
            "RH"
          ],
          [
            54,
            [
              80.0
            ],
            "RH"
          ],
          [
            82,
            [
              12.0
            ],
            "DE"
          ],
          [
            82,
            [
              12.0
            ],
            "DE"
          ],
          [
            82,
            [
              12.0
            ],
            "DE"
          ],
          [
            82,
            [
              12.0
            ],
            "DE"
          ],
          [
            82,
            [
              12.0
            ],
            "DE"
          ],
          [
            82,
            [
              12.0
            ],
            "DE"
          ],
          [
            82,
            [
              12.0
            ],
            "DE"
          ],
          [
            82,
            [
              12.0
            ],
            "DE"
          ],
          [
            82,
            [
              12.0
            ],
            "DE"
          ],
          [
            82,
            [
              12.0
            ],
            "DE"
          ],
          [
            82,
            [
              12.0
            ],
            "DE"
          ],
          [
            82,
            [
              12.0
            ],
            "DE"
          ],
          [
            82,
            [
              12.0
            ],
            "DE"
          ],
          [
            82,
            [
              12.0
            ],
            "DE"
          ],
          [
            82,
            [
              12.0
            ],
            "DE"
          ],
          [
            411,
            [
              5.0
            ],
            "DE"
          ],
          [
            412,
            [
              5.0
            ],
            "DE"
          ],
          [
            410,
            [
              5.0
            ],
            "DE"
          ],
          [
            61,
            [
              5.0
            ],
            "DE"
          ],
          [
            62,
            [
              5.0
            ],
            "DE"
          ],
          [
            61,
            [
              5.0
            ],
            "DE"
          ],
          [
            62,
            [
              5.0
            ],
            "DE"
          ],
          [
            82,
            [
              12.0
            ],
            "DE"
          ]
        ],
        "D": 55,
        "EQ": [
          [
            6540429286,
            1,
            2,
            5,
            -1,
            [
              [
                4,
                48,
                [
                  114.4
                ]
              ],
              [
                5,
                44,
                [
                  74.2
                ]
              ],
              [
                109,
                48,
                [
                  27.2
                ]
              ],
              [
                117,
                70,
                [
                  33.0
                ]
              ]
            ],
            -1,
            -1,
            0,
            -1,
            -1,
            3,
            [
              1,
              5,
              3100,
              [
                4616465,
                32,
                4,
                2740,
                [
                  [
                    319,
                    44,
                    [
                      5.0
                    ]
                  ],
                  [
                    314,
                    33,
                    [
                      12.3
                    ]
                  ],
                  [
                    318,
                    66,
                    [
                      13.9
                    ]
                  ],
                  [
                    320,
                    31,
                    [
                      7.6
                    ]
                  ]
                ],
                0
              ]
            ]
          ],
          [
            6540429364,
            2,
            2,
            5,
            -1,
            [
              [
                1,
                54,
                [
                  84.7
                ]
              ],
              [
                2,
                48,
                [
                  84.4
                ]
              ],
              [
                114,
                84,
                [
                  24.3
                ]
              ],
              [
                109,
                44,
                [
                  25.6
                ]
              ]
            ],
            -1,
            -1,
            0,
            -1,
            -1,
            3,
            [
              2,
              5,
              3300,
              [
                4616815,
                32,
                7,
                4170,
                [
                  [
                    314,
                    79,
                    [
                      21.0
                    ]
                  ],
                  [
                    315,
                    60,
                    [
                      9.8
                    ]
                  ],
                  [
                    317,
                    88,
                    [
                      8.9
                    ]
                  ],
                  [
                    312,
                    90,
                    [
                      18.4
                    ]
                  ]
                ],
                0
              ]
            ]
          ],
          [
            6541850043,
            3,
            2,
            5,
            -1,
            [
              [
                3,
                56,
                [
                  114.8
                ]
              ],
              [
                6,
                46,
                [
                  74.3
                ]
              ],
              [
                116,
                65,
                [
                  67.0
                ]
              ],
              [
                112,
                52,
                [
                  23.6
                ]
              ]
            ],
            -1,
            -1,
            0,
            -1,
            -1,
            3,
            [
              3,
              5,
              3190,
              []
            ]
          ],
          [
            6540429353,
            4,
            2,
            5,
            -1,
            [
              [
                7,
                38,
                [
                  13.9
                ]
              ],
              [
                108,
                53,
                [
                  29.2
                ]
              ],
              [
                111,
                60,
                [
                  26.0
                ]
              ],
              [
                121,
                80,
                [
                  215,
                  802.0
                ]
              ]
            ],
            -1,
            -1,
            0,
            -1,
            -1,
            3,
            [
              4,
              6,
              3310,
              [
                4616491,
                32,
                2,
                2260,
                [
                  [
                    308,
                    33,
                    [
                      3.5
                    ]
                  ],
                  [
                    305,
                    40,
                    [
                      7.7
                    ]
                  ],
                  [
                    302,
                    53,
                    [
                      31.7
                    ]
                  ]
                ],
                0
              ]
            ]
          ],
          [
            6540485393,
            6,
            2,
            15,
            -1,
            [
              [
                703,
                45,
                [
                  17.6
                ]
              ],
              [
                701,
                53,
                [
                  27.2
                ]
              ],
              [
                705,
                55,
                [
                  11.9
                ]
              ],
              [
                20003,
                63,
                [
                  18,
                  9.0,
                  19,
                  9.0,
                  20,
                  9.0,
                  21,
                  9.0
                ]
              ],
              [
                20006,
                38,
                [
                  620,
                  64.0
                ]
              ]
            ],
            -1,
            -1,
            0,
            -1,
            -1,
            3,
            [
              64,
              3,
              2530,
              []
            ]
          ]
        ],
        "GID": -1,
        "ID": 2,
        "N": "",
        "SPR": 281,
        "VIS": 1,
        "W": 4283,
        "WID": 2
      },
      "PWD": 0,
      "TWD": 0
    }
  },
  "O": [
    {},
    {
      "AID": 30336,
      "AN": "Wolverines",
      "AP": [
        [
          0,
          16011862,
          509,
          405,
          1
        ],
        [
          0,
          16632819,
          505,
          407,
          4
        ],
        [
          0,
          16673031,
          509,
          407,
          4
        ],
        [
          1,
          16366514,
          593,
          613,
          12
        ],
        [
          2,
          16366513,
          654,
          696,
          12
        ],
        [
          3,
          16681051,
          688,
          582,
          12
        ],
        [
          4,
          3659,
          685,
          735,
          12
        ]
      ],
      "AR": 7,
      "AVP": 51625,
      "CF": 101752152,
      "DUM": false,
      "E": {
        "BGC1": 1644825,
        "BGC2": 1644825,
        "BGT": 0,
        "IS": 1,
        "S1": 42,
        "S2": 42,
        "SC1": 14408394,
        "SC2": 14408394,
        "SPT": 1
      },
      "H": 930,
      "HF": 147045694,
      "L": 70,
      "LL": 671,
      "MP": 12726958,
      "N": "Ventrilo",
      "OID": 16862926,
      "PF": 0,
      "PRE": 13,
      "R": 0,
      "RPT": 0,
      "RRD": 0,
      "SA": 0,
      "SUF": 29,
      "TI": -1,
      "TOPX": -1,
      "VF": 0,
      "VP": [
        [
          1,
          409558,
          622,
          672,
          10
        ],
        [
          1,
          610980,
          622,
          596,
          10
        ],
        [
          1,
          610985,
          612,
          588,
          10
        ],
        [
          1,
          713871,
          585,
          658,
          10
        ],
        [
          1,
          725272,
          624,
          582,
          10
        ],
        [
          1,
          2548320,
          501,
          589,
          10
        ],
        [
          1,
          2548324,
          494,
          596,
          10
        ],
        [
          1,
          2840852,
          486,
          575,
          10
        ]
      ],
      "aee": {
        "ACCA": {
          "ACCS": [
            17,
            4
          ],
          "ACLI": 7
        },
        "ACFB": {}
      }
    }
  ]
}

  raw:
%xt%cra%1%0%{"AAM":{"M":{"MID":24119439,"PT":0,"TT":309,"D":0,"TID":-220,"T":0,"HBW":1007,"KID":1,"TA":[2,595,629,-1,112,-5677,1],"SID":16862926,"OID":16862926,"SA":[12,593,613,16366514,16862926,5,5,3,4,1,"Castle Ventrilo",0,0,-1,-1,-1,1,0,[],0]},"UM":{"PWD":0,"TWD":0,"L":{"ID":2,"WID":2,"VIS":1,"N":"","GID":-1,"W":4283,"D":55,"SPR":281,"EQ":[[6540429286,1,2,5,-1,[[4,48,[114.4]],[5,44,[74.2]],[109,48,[27.2]],[117,70,[33.0]]],-1,-1,0,-1,-1,3,[1,5,3100,[4616465,32,4,2740,[[319,44,[5.0]],[314,33,[12.3]],[318,66,[13.9]],[320,31,[7.6]]],0]]],[6540429364,2,2,5,-1,[[1,54,[84.7]],[2,48,[84.4]],[114,84,[24.3]],[109,44,[25.6]]],-1,-1,0,-1,-1,3,[2,5,3300,[4616815,32,7,4170,[[314,79,[21.0]],[315,60,[9.8]],[317,88,[8.9]],[312,90,[18.4]]],0]]],[6541850043,3,2,5,-1,[[3,56,[114.8]],[6,46,[74.3]],[116,65,[67.0]],[112,52,[23.6]]],-1,-1,0,-1,-1,3,[3,5,3190,[]]],[6540429353,4,2,5,-1,[[7,38,[13.9]],[108,53,[29.2]],[111,60,[26.0]],[121,80,[215,802.0]]],-1,-1,0,-1,-1,3,[4,6,3310,[4616491,32,2,2260,[[308,33,[3.5]],[305,40,[7.7]],[302,53,[31.7]]],0]]],[6540485393,6,2,15,-1,[[703,45,[17.6]],[701,53,[27.2]],[705,55,[11.9]],[20003,63,[18,9.0,19,9.0,20,9.0,21,9.0]],[20006,38,[620,64.0]]],-1,-1,0,-1,-1,3,[64,3,2530,[]]]],"AE":[[111,[40.0],"AB"],[504,[45.0],"CI"],[614,[30.0],"CI"],[66,[45.0],"CI"],[614,[6.0],"CI"],[614,[7.0],"CI"],[66,[2.0],"CI"],[426,[10.0],"GE"],[53,[20.0],"TL"],[45,[100.0],"TL"],[43,[5.0],"TL"],[43,[5.0],"TL"],[43,[5.0],"TL"],[82,[10.0],"RH"],[54,[80.0],"RH"],[82,[12.0],"DE"],[82,[12.0],"DE"],[82,[12.0],"DE"],[82,[12.0],"DE"],[82,[12.0],"DE"],[82,[12.0],"DE"],[82,[12.0],"DE"],[82,[12.0],"DE"],[82,[12.0],"DE"],[82,[12.0],"DE"],[82,[12.0],"DE"],[82,[12.0],"DE"],[82,[12.0],"DE"],[82,[12.0],"DE"],[82,[12.0],"DE"],[411,[5.0],"DE"],[412,[5.0],"DE"],[410,[5.0],"DE"],[61,[5.0],"DE"],[62,[5.0],"DE"],[61,[5.0],"DE"],[62,[5.0],"DE"],[82,[12.0],"DE"]]}},"FA":{"L":[[607,50]],"M":[],"R":[],"RW":[]},"AST":[],"ATT":0,"ASCT":0,"FC":0},"O":[{},{"OID":16862926,"DUM":false,"N":"Ventrilo","E":{"BGT":0,"BGC1":1644825,"BGC2":1644825,"SPT":1,"S1":42,"SC1":14408394,"S2":42,"SC2":14408394,"IS":1},"L":70,"LL":671,"H":930,"AVP":51625,"CF":101752152,"HF":147045694,"PRE":13,"SUF":29,"TOPX":-1,"MP":12726958,"R":0,"AID":30336,"AR":7,"AN":"Wolverines","aee":{"ACCA":{"ACLI":7,"ACCS":[17,4]},"ACFB":{}},"RPT":0,"AP":[[0,16011862,509,405,1],[0,16632819,505,407,4],[0,16673031,509,407,4],[1,16366514,593,613,12],[2,16366513,654,696,12],[3,16681051,688,582,12],[4,3659,685,735,12]],"VP":[[1,409558,622,672,10],[1,610980,622,596,10],[1,610985,612,588,10],[1,713871,585,658,10],[1,725272,624,582,10],[1,2548320,501,589,10],[1,2548324,494,596,10],[1,2840852,486,575,10]],"SA":0,"VF":0,"PF":0,"RRD":0,"TI":-1}]}%
---
